Total amount og points set at 1000 Values for the spiral in Order: x y z r g b
-0.00842649 -0.00707066 0.011 1 0 1
-0.00905651 -0.00787271 0.012 1 0 1
-0.00966088 -0.0086987 0.013 1 0 1
-0.010239 -0.00954798 0.014 1 0 1
-0.0107901 -0.0104199 0.015 1 0 1
-0.0113137 -0.0113137 0.016 1 0 1
-0.0118092 -0.0122288 0.017 1 0 1
-0.012276 -0.0131644 0.018 1 0 1
-0.0127135 -0.0141198 0.019 1 0 1
-0.0131212 -0.0150942 0.02 1 0 1
-0.0134985 -0.0160869 0.021 1 0 1
-0.0138451 -0.0170972 0.022 1 0 1
-0.0141602 -0.0181243 0.023 1 0 1
-0.0144436 -0.0191673 0.024 1 0 1
-0.0146946 -0.0202254 0.025 1 0 1
-0.014913 -0.021298 0.026 1 0 1
-0.0150982 -0.022384 0.027 1 0 1
-0.0152499 -0.0234828 0.028 1 0 1
-0.0153677 -0.0245934 0.029 1 0 1
-0.0154511 -0.025715 0.03 1 0 1
-0.0155 -0.0268468 0.031 1 0 1
-0.0155139 -0.0279878 0.032 1 0 1
-0.0154926 -0.0291373 0.033 1 0 1
-0.0154357 -0.0302942 0.034 1 0 1
-0.015343 -0.0314578 0.035 1 0 1
-0.0152143 -0.0326271 0.036 1 0 1
-0.0150493 -0.0338012 0.037 1 0 1
-0.0148478 -0.0349792 0.038 1 0 1
-0.0146097 -0.0361602 0.039 1 0 1
-0.0143347 -0.0373432 0.04 1 0 1
-0.0140228 -0.0385274 0.041 1 0 1
-0.0136739 -0.0397118 0.042 1 0 1
-0.0132877 -0.0408954 0.043 1 0 1
-0.0128644 -0.0420774 0.044 1 0 1
-0.0124037 -0.0432568 0.045 1 0 1
-0.0119057 -0.0444326 0.046 1 0 1
-0.0113703 -0.0456039 0.047 1 0 1
-0.0107976 -0.0467697 0.048 1 0 1
-0.0101877 -0.0479292 0.049 1 0 1
-0.00954045 -0.0490813 0.05 1 0 1
-0.00885605 -0.0502252 0.051 1 0 1
-0.00813459 -0.0513598 0.052 1 0 1
-0.00737617 -0.0524842 0.053 1 0 1
-0.00658094 -0.0535975 0.054 1 0 1
-0.00574906 -0.0546987 0.055 1 0 1
-0.00488072 -0.0557869 0.056 1 0 1
-0.00397612 -0.0568611 0.057 1 0 1
-0.00303548 -0.0579205 0.058 1 0 1
-0.00205907 -0.058964 0.059 1 0 1
-0.00104714 -0.0599908 0.06 1 0 1
1.86759e-17 -0.061 0.061 1 0 1
0.00108205 -0.0619905 0.062 1 0 1
0.00219867 -0.0629616 0.063 1 0 1
0.0033495 -0.0639123 0.064 1 0 1
0.00453417 -0.0648416 0.065 1 0 1
0.00575228 -0.0657488 0.066 1 0 1
0.0070034 -0.0666329 0.067 1 0 1
0.00828711 -0.0674931 0.068 1 0 1
0.00960294 -0.0683285 0.069 1 0 1
0.0109504 -0.0691381 0.07 1 0 1
0.012329 -0.0699213 0.071 1 0 1
0.0137382 -0.0706771 0.072 1 0 1
0.0151775 -0.0714047 0.073 1 0 1
0.0166464 -0.0721033 0.074 1 0 1
0.0181441 -0.0727721 0.075 1 0 1
0.0196702 -0.0734103 0.076 1 0 1
0.0212241 -0.0740171 0.077 1 0 1
0.022805 -0.0745917 0.078 1 0 1
0.0244123 -0.0751334 0.079 1 0 1
0.0260454 -0.0756414 0.08 1 0 1
0.0277036 -0.0761151 0.081 1 0 1
0.0293862 -0.0765535 0.082 1 0 1
0.0310923 -0.0769562 0.083 1 0 1
0.0328214 -0.0773224 0.0839999 1 0 1
0.0345726 -0.0776513 0.0849999 1 0 1
0.0363451 -0.0779424 0.086 1 0 1
0.0381383 -0.078195 0.0869999 1 0 1
0.0399511 -0.0784085 0.0879999 1 0 1
0.0417829 -0.0785823 0.0889999 1 0 1
0.0436328 -0.0787157 0.0899999 1 0 1
0.0455 -0.0788083 0.0909999 1 0 1
0.0473835 -0.0788593 0.0919999 1 0 1
0.0492825 -0.0788684 0.0929999 1 0 1
0.051196 -0.078835 0.0939999 1 0 1
0.0531233 -0.0787585 0.0949999 1 0 1
0.0550633 -0.0786385 0.0959999 1 0 1
0.0570151 -0.0784746 0.0969999 1 0 1
0.0589778 -0.0782662 0.0979999 1 0 1
0.0609504 -0.078013 0.0989999 1 0 1
0.062932 -0.0777145 0.0999999 1 0 1
0.0649215 -0.0773704 0.101 1 0 1
0.066918 -0.0769803 0.102 1 0 1
0.0689204 -0.0765439 0.103 1 0 1
0.0709278 -0.0760607 0.104 1 0 1
0.0729391 -0.0755306 0.105 1 0 1
0.0749533 -0.0749533 0.106 1 0 1
0.0769693 -0.0743284 0.107 1 0 1
0.0789862 -0.0736558 0.108 1 0 1
0.0810027 -0.0729352 0.109 1 0 1
0.083018 -0.0721665 0.11 1 0 1
0.0850309 -0.0713494 0.111 1 0 1
0.0870403 -0.0704838 0.112 1 0 1
0.0890452 -0.0695697 0.113 1 0 1
0.0910444 -0.0686069 0.114 1 0 1
0.0930369 -0.0675953 0.115 1 0 1
0.0950216 -0.0665348 0.116 1 0 1
0.0969973 -0.0654255 0.117 1 0 1
0.0989631 -0.0642674 0.118 1 0 1
0.100918 -0.0630604 0.119 1 0 1
0.10286 -0.0618045 0.12 1 0 1
0.104789 -0.0605 0.121 1 0 1
0.106704 -0.0591467 0.122 1 0 1
0.108602 -0.057745 0.123 1 0 1
0.110485 -0.0562948 0.124 1 0 1
0.112349 -0.0547964 0.125 1 0 1
0.114195 -0.0532499 0.126 1 0 1
0.11602 -0.0516555 0.127 1 0 1
0.117825 -0.0500135 0.128 1 0 1
0.119607 -0.0483242 0.129 1 0 1
0.121365 -0.0465878 0.13 1 0 1
0.1231 -0.0448046 0.131 1 0 1
0.124808 -0.042975 0.132 1 0 1
0.12649 -0.0410992 0.133 1 0 1
0.128145 -0.0391778 0.134 1 0 1
0.12977 -0.037211 0.135 1 0 1
0.131366 -0.0351994 0.136 1 0 1
0.13293 -0.0331433 0.137 1 0 1
0.134463 -0.0310432 0.138 1 0 1
0.135962 -0.0288997 0.139 1 0 1
0.137428 -0.0267132 0.14 1 0 1
0.138858 -0.0244844 0.141 1 0 1
0.140252 -0.0222137 0.142 1 0 1
0.141608 -0.0199017 0.143 1 0 1
0.142927 -0.0175492 0.144 1 0 1
0.144206 -0.0151566 0.145 1 0 1
0.145444 -0.0127247 0.146 1 0 1
0.146642 -0.0102542 0.147 1 0 1
0.147797 -0.00774572 0.148 1 0 1
0.148909 -0.00520002 0.149 1 0 1
0.149977 -0.00261786 0.15 1 0 1
0.151 3.69843e-17 0.151 1 0 1
0.151977 0.00265276 0.152 1 0 1
0.152907 0.00533962 0.153 1 0 1
0.153789 0.00805973 0.154 1 0 1
0.154622 0.0108122 0.155 1 0 1
0.155406 0.0135963 0.156 1 0 1
0.15614 0.016411 0.157 1 0 1
0.156822 0.0192553 0.158 1 0 1
0.157453 0.0221285 0.159 1 0 1
0.15803 0.0250295 0.16 1 0 1
0.158554 0.0279573 0.161 1 0 1
0.159023 0.030911 0.162 1 0 1
0.159438 0.0338896 0.163 1 0 1
0.159797 0.0368919 0.164 1 0 1
0.160099 0.0399171 0.165 1 0 1
0.160344 0.0429639 0.166 1 0 1
0.160531 0.0460314 0.167 1 0 1
0.160659 0.0491184 0.168 1 0 1
0.160728 0.0522238 0.169 1 0 1
0.160738 0.0553465 0.17 1 0 1
0.160687 0.0584854 0.171 1 0 1
0.160576 0.0616392 0.172 1 0 1
0.160403 0.0648069 0.173 1 0 1
0.160168 0.0679872 0.174 1 0 1
0.15987 0.0711789 0.175 1 0 1
0.15951 0.0743808 0.176 1 0 1
0.159086 0.0775916 0.177 1 0 1
0.158599 0.0808102 0.178 1 0 1
0.158047 0.0840354 0.179 1 0 1
0.157431 0.0872657 0.18 1 0 1
0.15675 0.0904999 0.181 1 0 1
0.156004 0.0937369 0.182 1 0 1
0.155193 0.0969752 0.183 1 0 1
0.154315 0.100214 0.184 1 0 1
0.153372 0.103451 0.185 1 0 1
0.152362 0.106685 0.186 1 0 1
0.151286 0.109916 0.187 1 0 1
0.150143 0.113141 0.188 1 0 1
0.148934 0.11636 0.189 1 0 1
0.147658 0.119571 0.19 1 0 1
0.146314 0.122772 0.191 1 0 1
0.144904 0.125963 0.192 1 0 1
0.143427 0.129142 0.193 1 0 1
0.141883 0.132308 0.194 1 0 1
0.140271 0.135458 0.195 1 0 1
0.138593 0.138593 0.196 1 0 1
0.136848 0.14171 0.197 1 0 1
0.135036 0.144808 0.198 1 0 1
0.133157 0.147886 0.199 1 0 1
0.131212 0.150942 0.2 1 0 1
0.1292 0.153975 0.201 1 0 1
0.127123 0.156983 0.202 1 0 1
0.124979 0.159966 0.203 1 0 1
0.12277 0.162922 0.204 1 0 1
0.120496 0.165848 0.205 1 0 1
0.118157 0.168745 0.206 1 0 1
0.115753 0.171611 0.207 1 0 1
0.113285 0.174443 0.208 1 0 1
0.110753 0.177242 0.209 1 0 1
0.108158 0.180005 0.21 1 0 1
0.1055 0.182731 0.211 1 0 1
0.10278 0.185419 0.212 1 0 1
0.0999974 0.188068 0.213 1 0 1
0.0971539 0.190675 0.214 1 0 1
0.0942497 0.193241 0.215 1 0 1
0.0912855 0.195762 0.216 1 0 1
0.0882618 0.198239 0.217 1 0 1
0.0851793 0.20067 0.218 1 0 1
0.0820388 0.203053 0.219 1 0 1
0.0788409 0.205388 0.22 1 0 1
0.0755864 0.207672 0.221 1 0 1
0.0722761 0.209905 0.222 1 0 1
0.0689107 0.212085 0.223 1 0 1
0.0654912 0.214212 0.224 1 0 1
0.0620184 0.216284 0.225 1 0 1
0.0584931 0.218299 0.226 1 0 1
0.0549162 0.220257 0.227 1 0 1
0.0512888 0.222156 0.228 1 0 1
0.0476117 0.223996 0.229 1 0 1
0.043886 0.225774 0.23 1 0 1
0.0401127 0.22749 0.231 1 0 1
0.0362928 0.229144 0.232 1 0 1
0.0324273 0.230732 0.233 1 0 1
0.0285174 0.232256 0.234 1 0 1
0.0245642 0.233712 0.235 1 0 1
0.0205687 0.235102 0.236 1 0 1
0.0165323 0.236422 0.237 1 0 1
0.0124559 0.237674 0.238 1 0 1
0.00834097 0.238854 0.239 1 0 1
0.00418857 0.239963 0.24 1 0 1
-4.42709e-17 0.241 0.241 1 0 1
-0.00422348 0.241963 0.242 1 0 1
-0.00848057 0.242852 0.243 1 0 1
-0.01277 0.243665 0.244 1 0 1
-0.0170903 0.244403 0.245 1 0 1
-0.0214403 0.245064 0.246 1 0 1
-0.0258185 0.245647 0.247 1 0 1
-0.0302236 0.246151 0.248 1 0 1
-0.0346541 0.246577 0.249 1 0 1
-0.0391086 0.246922 0.25 1 0 1
-0.0435857 0.247187 0.251 1 0 1
-0.0480838 0.24737 0.252 1 0 1
-0.0526016 0.247471 0.253 1 0 1
-0.0571375 0.24749 0.254 1 0 1
-0.06169 0.247425 0.255 1 0 1
-0.0662576 0.247277 0.256 1 0 1
-0.0708387 0.247044 0.257 1 0 1
-0.0754318 0.246726 0.258 1 0 1
-0.0800353 0.246323 0.259 1 0 1
-0.0846477 0.245835 0.26 1 0 1
-0.0892672 0.24526 0.261 1 0 1
-0.0938923 0.244598 0.262 1 0 1
-0.0985215 0.243849 0.263 1 0 1
-0.103153 0.243013 0.264 1 0 1
-0.107785 0.242089 0.265 1 0 1
-0.112416 0.241078 0.266 1 0 1
-0.117045 0.239978 0.267 1 0 1
-0.121669 0.23879 0.268 1 0 1
-0.126288 0.237513 0.269 1 0 1
-0.130899 0.236147 0.27 1 0 1
-0.1355 0.234693 0.271 1 0 1
-0.14009 0.233149 0.272 1 0 1
-0.144668 0.231517 0.273 1 0 1
-0.149231 0.229796 0.274 1 0 1
-0.153778 0.227985 0.275 1 0 1
-0.158307 0.226086 0.276 1 0 1
-0.162816 0.224098 0.277 1 0 1
-0.167304 0.222021 0.278 1 0 1
-0.171769 0.219855 0.279 1 0 1
-0.17621 0.217601 0.28 1 0 1
-0.180623 0.215258 0.281 1 0 1
-0.185008 0.212828 0.282 1 0 1
-0.189364 0.21031 0.283 1 0 1
-0.193687 0.207704 0.284 1 0 1
-0.197977 0.205012 0.285 1 0 1
-0.202232 0.202232 0.286 1 0 1
-0.20645 0.199367 0.287 1 0 1
-0.21063 0.196415 0.288 1 0 1
-0.214769 0.193379 0.289 1 0 1
-0.218866 0.190257 0.29 1 0 1
-0.222919 0.187051 0.291 1 0 1
-0.226926 0.183761 0.292 1 0 1
-0.230887 0.180389 0.293 1 0 1
-0.234799 0.176933 0.294 1 0 1
-0.23866 0.173397 0.295 1 0 1
-0.242469 0.169778 0.296 1 0 1
-0.246224 0.16608 0.297 1 0 1
-0.249924 0.162302 0.298 1 0 1
-0.253566 0.158446 0.299 1 0 1
-0.25715 0.154511 0.3 1 0 1
-0.260673 0.1505 0.301 1 0 1
-0.264135 0.146412 0.302 1 0 1
-0.267533 0.14225 0.303 1 0 1
-0.270866 0.138013 0.304 1 0 1
-0.274132 0.133703 0.305 1 0 1
-0.27733 0.129321 0.306 1 0 1
-0.280458 0.124868 0.307 1 0 1
-0.283515 0.120345 0.308 1 0 1
-0.2865 0.115753 0.309 1 0 1
-0.28941 0.111094 0.31 1 0 1
-0.292244 0.106368 0.311 1 0 1
-0.295002 0.101577 0.312 1 0 1
-0.29768 0.0967222 0.313 1 0 1
-0.300279 0.0918046 0.314 1 0 1
-0.302797 0.0868257 0.315 1 0 1
-0.305232 0.0817868 0.316 1 0 1
-0.307584 0.0766892 0.317 1 0 1
-0.309849 0.0715344 0.318 1 0 1
-0.312029 0.0663238 0.319 1 0 1
-0.31412 0.0610588 0.32 1 0 1
-0.316123 0.055741 0.321 1 0 1
-0.318035 0.0503719 0.322 1 0 1
-0.319856 0.0449529 0.323 1 0 1
-0.321585 0.0394856 0.324 1 0 1
-0.323219 0.0339717 0.325 1 0 1
-0.324759 0.0284127 0.326 1 0 1
-0.326203 0.0228103 0.327 1 0 1
-0.32755 0.0171662 0.328 1 0 1
-0.328799 0.0114819 0.329 1 0 1
-0.329949 0.00575929 0.33 1 0 1
-0.331 -4.05358e-17 0.331 1 0 1
-0.331949 -0.00579419 0.332 1 0 1
-0.332797 -0.0116215 0.333 1 0 1
-0.333542 -0.0174802 0.334 1 0 1
-0.334184 -0.0233684 0.335 1 0 1
-0.334721 -0.0292843 0.336 1 0 1
-0.335154 -0.0352261 0.337 1 0 1
-0.33548 -0.0411918 0.338 1 0 1
-0.335701 -0.0471796 0.339 1 0 1
-0.335814 -0.0531877 0.34 1 0 1
-0.335819 -0.059214 0.341 1 0 1
-0.335716 -0.0652566 0.342 1 0 1
-0.335504 -0.0713136 0.343 1 0 1
-0.335183 -0.0773831 0.344 1 0 1
-0.334752 -0.083463 0.345 1 0 1
-0.33421 -0.0895513 0.346 1 0 1
-0.333558 -0.0956461 0.347 1 0 1
-0.332794 -0.101745 0.348 1 0 1
-0.331918 -0.107847 0.349 1 0 1
-0.330931 -0.113949 0.35 1 0 1
-0.329832 -0.120049 0.351 1 0 1
-0.32862 -0.126145 0.352 1 0 1
-0.327296 -0.132236 0.353 1 0 1
-0.325858 -0.138319 0.354 1 0 1
-0.324308 -0.144391 0.355 1 0 1
-0.322645 -0.150452 0.356 1 0 1
-0.320869 -0.156498 0.357 1 0 1
-0.31898 -0.162528 0.358 1 0 1
-0.316978 -0.16854 0.359 1 0 1
-0.314863 -0.174531 0.36 1 0 1
-0.312635 -0.1805 0.361 1 0 1
-0.310294 -0.186444 0.362 1 0 1
-0.307841 -0.192361 0.363 1 0 1
-0.305276 -0.198248 0.364 1 0 1
-0.302598 -0.204105 0.365 1 0 1
-0.299809 -0.209929 0.366 1 0 1
-0.296909 -0.215717 0.367 1 0 1
-0.293898 -0.221468 0.368 1 0 1
-0.290776 -0.227179 0.369 1 0 1
-0.287544 -0.232848 0.37 1 0 1
-0.284202 -0.238474 0.371 1 0 1
-0.280752 -0.244054 0.372 1 0 1
-0.277193 -0.249586 0.373 1 0 1
-0.273526 -0.255067 0.374 1 0 1
-0.269752 -0.260497 0.375 1 0 1
-0.265872 -0.265872 0.376 1 0 1
-0.261886 -0.271191 0.377 1 0 1
-0.257795 -0.276451 0.378 1 0 1
-0.2536 -0.281652 0.379 1 0 1
-0.249302 -0.286789 0.38 1 0 1
-0.244902 -0.291863 0.381 1 0 1
-0.2404 -0.29687 0.382 1 0 1
-0.235798 -0.301808 0.383 1 0 1
-0.231097 -0.306676 0.384 1 0 1
-0.226297 -0.311471 0.385 1 0 1
-0.2214 -0.316192 0.386 1 0 1
-0.216407 -0.320837 0.387 1 0 1
-0.21132 -0.325404 0.388 1 0 1
-0.206138 -0.32989 0.389 1 0 1
-0.200865 -0.334295 0.39 1 0 1
-0.1955 -0.338616 0.391 1 0 1
-0.190045 -0.342851 0.392 1 0 1
-0.184502 -0.346998 0.393 1 0 1
-0.178872 -0.351056 0.394 1 0 1
-0.173156 -0.355023 0.395 1 0 1
-0.167357 -0.358898 0.396 1 0 1
-0.161474 -0.362677 0.397 1 0 1
-0.155511 -0.366361 0.398 1 0 1
-0.149468 -0.369946 0.399 1 0 1
-0.143347 -0.373432 0.4 1 0 1
-0.13715 -0.376816 0.401 1 0 1
-0.130878 -0.380098 0.402 1 0 1
-0.124534 -0.383276 0.403 1 0 1
-0.118118 -0.386347 0.404 1 0 1
-0.111633 -0.389311 0.405 1 0 1
-0.10508 -0.392166 0.406 1 0 1
-0.0984622 -0.39491 0.407 1 0 1
-0.09178 -0.397543 0.408 1 0 1
-0.0850359 -0.400062 0.409 1 0 1
-0.0782317 -0.402467 0.41 1 0 1
-0.0713694 -0.404756 0.411 1 0 1
-0.064451 -0.406928 0.412 1 0 1
-0.0574785 -0.408981 0.413 1 0 1
-0.0504539 -0.410914 0.414 1 0 1
-0.0433793 -0.412727 0.415 1 0 1
-0.0362568 -0.414417 0.416 1 0 1
-0.0290885 -0.415984 0.417 1 0 1
-0.0218764 -0.417427 0.418 1 0 1
-0.0146229 -0.418745 0.419 1 0 1
-0.00733001 -0.419936 0.42 1 0 1
2.57788e-17 -0.421 0.421 1 0 1
0.00736492 -0.421936 0.422 1 0 1
0.0147625 -0.422743 0.423 1 0 1
0.0221905 -0.423419 0.424 1 0 1
0.0296465 -0.423965 0.425 1 0 1
0.0371284 -0.424379 0.426 1 0 1
0.0446337 -0.424661 0.427 1 0 1
0.0521601 -0.42481 0.428 1 0 1
0.0597053 -0.424825 0.429 1 0 1
0.0672669 -0.424706 0.43 1 0 1
0.0748424 -0.424452 0.431 1 0 1
0.0824296 -0.424063 0.432 1 0 1
0.0900258 -0.423538 0.433 1 0 1
0.0976289 -0.422877 0.434 1 0 1
0.105236 -0.422079 0.435 1 0 1
0.112845 -0.421144 0.436 1 0 1
0.120454 -0.420072 0.437001 1 0 1
0.128059 -0.418862 0.438001 1 0 1
0.135659 -0.417514 0.439001 1 0 1
0.14325 -0.416029 0.440001 1 0 1
0.150831 -0.414405 0.441001 1 0 1
0.158399 -0.412643 0.442001 1 0 1
0.165951 -0.410743 0.443001 1 0 1
0.173485 -0.408705 0.444001 1 0 1
0.180998 -0.406528 0.445001 1 0 1
0.188488 -0.404214 0.446001 1 0 1
0.195952 -0.401762 0.447001 1 0 1
0.203388 -0.399172 0.448001 1 0 1
0.210793 -0.396444 0.449001 1 0 1
0.218165 -0.39358 0.450001 1 0 1
0.2255 -0.390578 0.451001 1 0 1
0.232798 -0.38744 0.452001 1 0 1
0.240054 -0.384167 0.453001 1 0 1
0.247267 -0.380757 0.454001 1 0 1
0.254433 -0.377213 0.455001 1 0 1
0.261551 -0.373534 0.456001 1 0 1
0.268618 -0.369722 0.457001 1 0 1
0.275632 -0.365776 0.458001 1 0 1
0.282589 -0.361698 0.459001 1 0 1
0.289488 -0.357488 0.460001 1 0 1
0.296326 -0.353147 0.461001 1 0 1
0.3031 -0.348677 0.462001 1 0 1
0.309808 -0.344077 0.463001 1 0 1
0.316448 -0.339349 0.464001 1 0 1
0.323017 -0.334494 0.465001 1 0 1
0.329513 -0.329513 0.466001 1 0 1
0.335933 -0.324406 0.467001 1 0 1
0.342274 -0.319176 0.468001 1 0 1
0.348536 -0.313823 0.469001 1 0 1
0.354714 -0.308349 0.470001 1 0 1
0.360808 -0.302754 0.471001 1 0 1
0.366814 -0.29704 0.472001 1 0 1
0.37273 -0.291209 0.473001 1 0 1
0.378554 -0.285261 0.474001 1 0 1
0.384284 -0.279199 0.475001 1 0 1
0.389918 -0.273023 0.476001 1 0 1
0.395452 -0.266736 0.477001 1 0 1
0.400886 -0.260338 0.478001 1 0 1
0.406216 -0.253832 0.479001 1 0 1
0.411442 -0.247219 0.480002 1 0 1
0.41656 -0.240501 0.481002 1 0 1
0.421568 -0.233679 0.482002 1 0 1
0.426465 -0.226755 0.483002 1 0 1
0.431249 -0.219732 0.484002 1 0 1
0.435917 -0.212611 0.485002 1 0 1
0.440467 -0.205393 0.486002 1 0 1
0.444898 -0.198081 0.487002 1 0 1
0.449208 -0.190677 0.488002 1 0 1
0.453394 -0.183183 0.489002 1 0 1
0.457456 -0.175601 0.490002 1 0 1
0.461391 -0.167932 0.491002 1 0 1
0.465197 -0.16018 0.492002 1 0 1
0.468873 -0.152346 0.493002 1 0 1
0.472416 -0.144432 0.494002 1 0 1
0.475826 -0.136441 0.495002 1 0 1
0.479101 -0.128375 0.496002 1 0 1
0.482239 -0.120236 0.497002 1 0 1
0.485238 -0.112026 0.498002 1 0 1
0.488098 -0.103748 0.499002 1 0 1
0.490815 -0.0954049 0.500002 1 0 1
0.493391 -0.0869981 0.501002 1 0 1
0.495822 -0.0785304 0.502002 1 0 1
0.498107 -0.0700044 0.503002 1 0 1
0.500245 -0.0614224 0.504002 1 0 1
0.502236 -0.0527871 0.505002 1 0 1
0.504077 -0.044101 0.506002 1 0 1
0.505767 -0.0353667 0.507002 1 0 1
0.507306 -0.0265868 0.508002 1 0 1
0.508692 -0.0177639 0.509002 1 0 1
0.509925 -0.00890077 0.510002 1 0 1
0.511002 0 0.511002 1 0 1
0.511924 0.00893567 0.512002 1 0 1
0.51269 0.0179035 0.513002 1 0 1
0.513298 0.0269008 0.514002 1 0 1
0.513748 0.0359247 0.515002 1 0 1
0.514039 0.0449726 0.516002 1 0 1
0.51417 0.0540415 0.517002 1 0 1
0.514141 0.0631286 0.518002 1 0 1
0.513951 0.0722312 0.519002 1 0 1
0.5136 0.0813463 0.520002 1 0 1
0.513087 0.0904711 0.521002 1 0 1
0.512412 0.0996028 0.522002 1 0 1
0.511574 0.108738 0.523003 1 0 1
0.510572 0.117875 0.524002 1 0 1
0.509408 0.12701 0.525003 1 0 1
0.508079 0.136139 0.526003 1 0 1
0.506587 0.145262 0.527003 1 0 1
0.504931 0.154373 0.528003 1 0 1
0.503111 0.163471 0.529003 1 0 1
0.501127 0.172552 0.530003 1 0 1
0.498979 0.181614 0.531003 1 0 1
0.496667 0.190653 0.532003 1 0 1
0.494191 0.199666 0.533003 1 0 1
0.491552 0.208651 0.534003 1 0 1
0.488749 0.217605 0.535003 1 0 1
0.485783 0.226525 0.536003 1 0 1
0.482655 0.235407 0.537003 1 0 1
0.479364 0.244248 0.538003 1 0 1
0.475911 0.253047 0.539003 1 0 1
0.472297 0.261799 0.540003 1 0 1
0.468522 0.270501 0.541003 1 0 1
0.464587 0.279152 0.542003 1 0 1
0.460493 0.287748 0.543003 1 0 1
0.456239 0.296285 0.544003 1 0 1
0.451828 0.304762 0.545003 1 0 1
0.447259 0.313174 0.546003 1 0 1
0.442535 0.32152 0.547003 1 0 1
0.437655 0.329796 0.548003 1 0 1
0.43262 0.338 0.549003 1 0 1
0.427433 0.346128 0.550003 1 0 1
0.422093 0.354178 0.551003 1 0 1
0.416602 0.362147 0.552003 1 0 1
0.410961 0.370031 0.553003 1 0 1
0.405172 0.377829 0.554003 1 0 1
0.399236 0.385538 0.555003 1 0 1
0.393154 0.393154 0.556003 1 0 1
0.386927 0.400675 0.557003 1 0 1
0.380557 0.408098 0.558003 1 0 1
0.374046 0.41542 0.559003 1 0 1
0.367395 0.42264 0.560003 1 0 1
0.360606 0.429753 0.561003 1 0 1
0.35368 0.436759 0.562003 1 0 1
0.34662 0.443653 0.563003 1 0 1
0.339426 0.450433 0.564003 1 0 1
0.332101 0.457097 0.565003 1 0 1
0.324646 0.463643 0.566003 1 0 1
0.317064 0.470067 0.567003 1 0 1
0.309357 0.476368 0.568004 1 0 1
0.301526 0.482542 0.569004 1 0 1
0.293574 0.488588 0.570004 1 0 1
0.285502 0.494504 0.571004 1 0 1
0.277313 0.500286 0.572004 1 0 1
0.269009 0.505932 0.573004 1 0 1
0.260592 0.511441 0.574004 1 0 1
0.252065 0.51681 0.575004 1 0 1
0.24343 0.522037 0.576004 1 0 1
0.234689 0.527119 0.577004 1 0 1
0.225844 0.532055 0.578004 1 0 1
0.216899 0.536843 0.579004 1 0 1
0.207855 0.54148 0.580004 1 0 1
0.198715 0.545965 0.581004 1 0 1
0.189482 0.550295 0.582004 1 0 1
0.180158 0.55447 0.583004 1 0 1
0.170746 0.558486 0.584004 1 0 1
0.161249 0.562342 0.585004 1 0 1
0.151669 0.566036 0.586004 1 0 1
0.142009 0.569567 0.587004 1 0 1
0.132272 0.572933 0.588004 1 0 1
0.122461 0.576133 0.589004 1 0 1
0.112578 0.579164 0.590004 1 0 1
0.102627 0.582025 0.591004 1 0 1
0.0926098 0.584715 0.592004 1 0 1
0.0825302 0.587233 0.593004 1 0 1
0.0723909 0.589576 0.594004 1 0 1
0.0621949 0.591745 0.595004 1 0 1
0.0519452 0.593736 0.596004 1 0 1
0.0416449 0.59555 0.597004 1 0 1
0.0312971 0.597185 0.598004 1 0 1
0.0209049 0.598639 0.599004 1 0 1
0.0104715 0.599913 0.600004 1 0 1
3.68009e-17 0.601004 0.601004 1 0 1
-0.0105064 0.601913 0.602004 1 0 1
-0.0210445 0.602637 0.603004 1 0 1
-0.0316111 0.603177 0.604004 1 0 1
-0.042203 0.603531 0.605004 1 0 1
-0.0528168 0.603698 0.606004 1 0 1
-0.0634492 0.603679 0.607004 1 0 1
-0.0740971 0.603472 0.608004 1 0 1
-0.084757 0.603078 0.609004 1 0 1
-0.0954257 0.602494 0.610004 1 0 1
-0.1061 0.601722 0.611004 1 0 1
-0.116776 0.60076 0.612005 1 0 1
-0.127451 0.599609 0.613005 1 0 1
-0.138121 0.598268 0.614005 1 0 1
-0.148783 0.596736 0.615005 1 0 1
-0.159434 0.595015 0.616005 1 0 1
-0.17007 0.593103 0.617005 1 0 1
-0.180687 0.591001 0.618005 1 0 1
-0.191283 0.588708 0.619005 1 0 1
-0.201854 0.586226 0.620005 1 0 1
-0.212396 0.583554 0.621005 1 0 1
-0.222907 0.580691 0.622005 1 0 1
-0.233382 0.57764 0.623005 1 0 1
-0.243818 0.574399 0.624005 1 0 1
-0.254212 0.57097 0.625005 1 0 1
-0.264561 0.567353 0.626005 1 0 1
-0.274861 0.563548 0.627005 1 0 1
-0.285108 0.559556 0.628005 1 0 1
-0.2953 0.555378 0.629005 1 0 1
-0.305432 0.551015 0.630005 1 0 1
-0.315502 0.546466 0.631005 1 0 1
-0.325507 0.541734 0.632005 1 0 1
-0.335442 0.536819 0.633005 1 0 1
-0.345304 0.531721 0.634005 1 0 1
-0.35509 0.526443 0.635005 1 0 1
-0.364798 0.520985 0.636005 1 0 1
-0.374422 0.515348 0.637005 1 0 1
-0.383961 0.509534 0.638005 1 0 1
-0.393411 0.503543 0.639005 1 0 1
-0.402768 0.497377 0.640005 1 0 1
-0.41203 0.491038 0.641005 1 0 1
-0.421193 0.484527 0.642005 1 0 1
-0.430254 0.477846 0.643005 1 0 1
-0.439211 0.470996 0.644005 1 0 1
-0.448058 0.463978 0.645005 1 0 1
-0.456795 0.456795 0.646005 1 0 1
-0.465417 0.449448 0.647005 1 0 1
-0.473921 0.441939 0.648005 1 0 1
-0.482305 0.434269 0.649005 1 0 1
-0.490565 0.426442 0.650005 1 0 1
-0.498699 0.418458 0.651005 1 0 1
-0.506703 0.41032 0.652005 1 0 1
-0.514575 0.40203 0.653005 1 0 1
-0.522312 0.39359 0.654005 1 0 1
-0.529911 0.385003 0.655006 1 0 1
-0.537368 0.376269 0.656006 1 0 1
-0.544682 0.367393 0.657006 1 0 1
-0.55185 0.358376 0.658006 1 0 1
-0.558868 0.34922 0.659006 1 0 1
-0.565735 0.339928 0.660006 1 0 1
-0.572448 0.330503 0.661006 1 0 1
-0.579003 0.320947 0.662006 1 0 1
-0.585399 0.311262 0.663006 1 0 1
-0.591633 0.301452 0.664006 1 0 1
-0.597703 0.291519 0.665006 1 0 1
-0.603606 0.281466 0.666006 1 0 1
-0.60934 0.271296 0.667006 1 0 1
-0.614903 0.261011 0.668006 1 0 1
-0.620291 0.250614 0.669006 1 0 1
-0.625504 0.240109 0.670006 1 0 1
-0.630539 0.229498 0.671006 1 0 1
-0.635394 0.218784 0.672006 1 0 1
-0.640067 0.20797 0.673006 1 0 1
-0.644555 0.19706 0.674006 1 0 1
-0.648857 0.186057 0.675006 1 0 1
-0.652972 0.174963 0.676006 1 0 1
-0.656896 0.163783 0.677006 1 0 1
-0.660629 0.152518 0.678006 1 0 1
-0.664168 0.141173 0.679006 1 0 1
-0.667512 0.129751 0.680006 1 0 1
-0.67066 0.118255 0.681006 1 0 1
-0.673609 0.106689 0.682006 1 0 1
-0.676359 0.0950561 0.683006 1 0 1
-0.678908 0.0833594 0.684006 1 0 1
-0.681254 0.0716026 0.685006 1 0 1
-0.683396 0.0597894 0.686006 1 0 1
-0.685333 0.0479231 0.687006 1 0 1
-0.687063 0.0360075 0.688006 1 0 1
-0.688587 0.024046 0.689006 1 0 1
-0.689901 0.0120423 0.690006 1 0 1
-0.691006 8.46239e-17 0.691006 1 0 1
-0.691901 -0.0120772 0.692006 1 0 1
-0.692584 -0.0241856 0.693006 1 0 1
-0.693055 -0.0363215 0.694006 1 0 1
-0.693313 -0.0484812 0.695006 1 0 1
-0.693358 -0.060661 0.696006 1 0 1
-0.693188 -0.072857 0.697006 1 0 1
-0.692804 -0.0850656 0.698007 1 0 1
-0.692204 -0.0972829 0.699006 1 0 1
-0.691388 -0.109505 0.700007 1 0 1
-0.690357 -0.121729 0.701007 1 0 1
-0.689109 -0.133949 0.702007 1 0 1
-0.687644 -0.146163 0.703007 1 0 1
-0.685963 -0.158367 0.704007 1 0 1
-0.684065 -0.170557 0.705007 1 0 1
-0.68195 -0.182728 0.706007 1 0 1
-0.679618 -0.194877 0.707007 1 0 1
-0.67707 -0.207001 0.708007 1 0 1
-0.674305 -0.219095 0.709007 1 0 1
-0.671325 -0.231156 0.710007 1 0 1
-0.668128 -0.243179 0.711007 1 0 1
-0.664716 -0.25516 0.712007 1 0 1
-0.661088 -0.267097 0.713007 1 0 1
-0.657247 -0.278985 0.714007 1 0 1
-0.653191 -0.290819 0.715007 1 0 1
-0.648923 -0.302598 0.716007 1 0 1
-0.644442 -0.314315 0.717007 1 0 1
-0.639749 -0.325968 0.718007 1 0 1
-0.634845 -0.337553 0.719007 1 0 1
-0.629732 -0.349066 0.720007 1 0 1
-0.62441 -0.360503 0.721007 1 0 1
-0.618881 -0.371861 0.722007 1 0 1
-0.613145 -0.383135 0.723007 1 0 1
-0.607203 -0.394323 0.724007 1 0 1
-0.601058 -0.405419 0.725007 1 0 1
-0.59471 -0.416421 0.726007 1 0 1
-0.588161 -0.427324 0.727007 1 0 1
-0.581412 -0.438126 0.728007 1 0 1
-0.574466 -0.448822 0.729007 1 0 1
-0.567322 -0.459408 0.730007 1 0 1
-0.559984 -0.469882 0.731007 1 0 1
-0.552453 -0.48024 0.732007 1 0 1
-0.544731 -0.490478 0.733007 1 0 1
-0.536819 -0.500592 0.734007 1 0 1
-0.52872 -0.510579 0.735007 1 0 1
-0.520436 -0.520436 0.736007 1 0 1
-0.511968 -0.530159 0.737007 1 0 1
-0.50332 -0.539744 0.738007 1 0 1
-0.494492 -0.54919 0.739007 1 0 1
-0.485489 -0.558491 0.740007 1 0 1
-0.47631 -0.567645 0.741007 1 0 1
-0.46696 -0.576648 0.742007 1 0 1
-0.457441 -0.585498 0.743008 1 0 1
-0.447755 -0.594191 0.744008 1 0 1
-0.437904 -0.602724 0.745008 1 0 1
-0.427892 -0.611094 0.746008 1 0 1
-0.417721 -0.619297 0.747008 1 0 1
-0.407394 -0.627332 0.748008 1 0 1
-0.396914 -0.635194 0.749008 1 0 1
-0.386283 -0.642882 0.750008 1 0 1
-0.375504 -0.650392 0.751008 1 0 1
-0.364581 -0.657721 0.752008 1 0 1
-0.353516 -0.664866 0.753008 1 0 1
-0.342312 -0.671826 0.754008 1 0 1
-0.330974 -0.678596 0.755008 1 0 1
-0.319503 -0.685176 0.756008 1 0 1
-0.307903 -0.691561 0.757008 1 0 1
-0.296177 -0.69775 0.758008 1 0 1
-0.284329 -0.70374 0.759008 1 0 1
-0.272362 -0.709529 0.760008 1 0 1
-0.26028 -0.715114 0.761008 1 0 1
-0.248086 -0.720493 0.762008 1 0 1
-0.235782 -0.725664 0.763008 1 0 1
-0.223374 -0.730624 0.764008 1 0 1
-0.210865 -0.735373 0.765008 1 0 1
-0.198257 -0.739907 0.766008 1 0 1
-0.185556 -0.744225 0.767008 1 0 1
-0.172764 -0.748324 0.768008 1 0 1
-0.159886 -0.752203 0.769008 1 0 1
-0.146924 -0.755861 0.770008 1 0 1
-0.133884 -0.759295 0.771008 1 0 1
-0.120769 -0.762504 0.772008 1 0 1
-0.107582 -0.765485 0.773008 1 0 1
-0.0943279 -0.768239 0.774008 1 0 1
-0.0810104 -0.770763 0.775008 1 0 1
-0.0676336 -0.773055 0.776008 1 0 1
-0.0542014 -0.775116 0.777008 1 0 1
-0.0407178 -0.776942 0.778008 1 0 1
-0.027187 -0.778534 0.779008 1 0 1
-0.013613 -0.77989 0.780008 1 0 1
-1.43469e-16 -0.781008 0.781008 1 0 1
0.0136479 -0.781889 0.782008 1 0 1
0.0273266 -0.782531 0.783008 1 0 1
0.0410318 -0.782934 0.784008 1 0 1
0.0547594 -0.783096 0.785008 1 0 1
0.0685052 -0.783018 0.786008 1 0 1
0.0822648 -0.782697 0.787009 1 0 1
0.0960341 -0.782135 0.788009 1 0 1
0.109809 -0.78133 0.789009 1 0 1
0.123585 -0.780282 0.790009 1 0 1
0.137357 -0.778991 0.791009 1 0 1
0.151122 -0.777457 0.792009 1 0 1
0.164876 -0.77568 0.793009 1 0 1
0.178613 -0.773658 0.794009 1 0 1
0.19233 -0.771394 0.795009 1 0 1
0.206022 -0.768885 0.796009 1 0 1
0.219685 -0.766134 0.797009 1 0 1
0.233315 -0.76314 0.798009 1 0 1
0.246907 -0.759903 0.799009 1 0 1
0.260457 -0.756423 0.800009 1 0 1
0.273961 -0.752702 0.801009 1 0 1
0.287414 -0.74874 0.802009 1 0 1
0.300812 -0.744537 0.803009 1 0 1
0.314151 -0.740094 0.804009 1 0 1
0.327427 -0.735412 0.805009 1 0 1
0.340634 -0.730492 0.806009 1 0 1
0.353769 -0.725335 0.807009 1 0 1
0.366828 -0.719941 0.808009 1 0 1
0.379807 -0.714313 0.809009 1 0 1
0.3927 -0.70845 0.810009 1 0 1
0.405505 -0.702354 0.811009 1 0 1
0.418216 -0.696028 0.812009 1 0 1
0.430829 -0.689471 0.813009 1 0 1
0.443341 -0.682685 0.814009 1 0 1
0.455747 -0.675673 0.815009 1 0 1
0.468044 -0.668436 0.816009 1 0 1
0.480226 -0.660974 0.817009 1 0 1
0.49229 -0.653291 0.818009 1 0 1
0.504232 -0.645388 0.819009 1 0 1
0.516049 -0.637267 0.820009 1 0 1
0.527735 -0.62893 0.821009 1 0 1
0.539287 -0.620378 0.822009 1 0 1
0.550701 -0.611615 0.823009 1 0 1
0.561973 -0.602642 0.824009 1 0 1
0.5731 -0.593462 0.825009 1 0 1
0.584077 -0.584077 0.826009 1 0 1
0.594901 -0.574489 0.827009 1 0 1
0.605568 -0.564701 0.828009 1 0 1
0.616074 -0.554716 0.829009 1 0 1
0.626416 -0.544535 0.830009 1 0 1
0.63659 -0.534163 0.83101 1 0 1
0.646593 -0.523601 0.832009 1 0 1
0.65642 -0.512852 0.83301 1 0 1
0.66607 -0.501919 0.83401 1 0 1
0.675537 -0.490806 0.83501 1 0 1
0.684819 -0.479515 0.83601 1 0 1
0.693912 -0.46805 0.83701 1 0 1
0.702814 -0.456413 0.83801 1 0 1
0.711521 -0.444607 0.83901 1 0 1
0.720029 -0.432637 0.84001 1 0 1
0.728336 -0.420505 0.84101 1 0 1
0.736438 -0.408214 0.84201 1 0 1
0.744333 -0.395769 0.84301 1 0 1
0.752018 -0.383172 0.84401 1 0 1
0.75949 -0.370428 0.84501 1 0 1
0.766745 -0.357539 0.84601 1 0 1
0.773782 -0.34451 0.84701 1 0 1
0.780597 -0.331344 0.84801 1 0 1
0.787188 -0.318045 0.84901 1 0 1
0.793553 -0.304616 0.85001 1 0 1
0.799688 -0.291063 0.85101 1 0 1
0.805591 -0.277387 0.85201 1 0 1
0.811261 -0.263595 0.85301 1 0 1
0.816694 -0.249688 0.85401 1 0 1
0.821888 -0.235673 0.85501 1 0 1
0.826842 -0.221552 0.85601 1 0 1
0.831553 -0.20733 0.85701 1 0 1
0.836019 -0.19301 0.85801 1 0 1
0.840239 -0.178598 0.85901 1 0 1
0.844209 -0.164098 0.86001 1 0 1
0.847929 -0.149513 0.86101 1 0 1
0.851397 -0.134848 0.86201 1 0 1
0.854612 -0.120108 0.86301 1 0 1
0.85757 -0.105296 0.86401 1 0 1
0.860272 -0.0904182 0.86501 1 0 1
0.862715 -0.0754778 0.86601 1 0 1
0.864898 -0.0604796 0.86701 1 0 1
0.866821 -0.0454281 0.86801 1 0 1
0.868481 -0.030328 0.86901 1 0 1
0.869878 -0.0151838 0.87001 1 0 1
0.87101 -2.13336e-16 0.87101 1 0 1
0.871878 0.0152187 0.87201 1 0 1
0.872479 0.0304676 0.87301 1 0 1
0.872813 0.0457422 0.87401 1 0 1
0.872879 0.0610376 0.87501 1 0 1
0.872677 0.0763493 0.876011 1 0 1
0.872206 0.0916726 0.877011 1 0 1
0.871466 0.107003 0.878011 1 0 1
0.870456 0.122335 0.879011 1 0 1
0.869176 0.137664 0.880011 1 0 1
0.867626 0.152986 0.881011 1 0 1
0.865806 0.168296 0.882011 1 0 1
0.863715 0.183588 0.883011 1 0 1
0.861354 0.198859 0.884011 1 0 1
0.858722 0.214103 0.885011 1 0 1
0.855821 0.229316 0.886011 1 0 1
0.85265 0.244493 0.887011 1 0 1
0.849209 0.259629 0.888011 1 0 1
0.8455 0.274719 0.889011 1 0 1
0.841522 0.289759 0.890011 1 0 1
0.837276 0.304744 0.891011 1 0 1
0.832764 0.319668 0.892011 1 0 1
0.827985 0.334528 0.893011 1 0 1
0.822941 0.349318 0.894011 1 0 1
0.817633 0.364034 0.895011 1 0 1
0.812062 0.378671 0.896011 1 0 1
0.806228 0.393224 0.897011 1 0 1
0.800134 0.407688 0.898011 1 0 1
0.79378 0.42206 0.899011 1 0 1
0.787167 0.436334 0.900011 1 0 1
0.780298 0.450506 0.901011 1 0 1
0.773174 0.46457 0.902011 1 0 1
0.765797 0.478523 0.903011 1 0 1
0.758168 0.49236 0.904011 1 0 1
0.750288 0.506076 0.905011 1 0 1
0.742161 0.519667 0.906011 1 0 1
0.733787 0.533128 0.907011 1 0 1
0.72517 0.546455 0.908011 1 0 1
0.716311 0.559643 0.909011 1 0 1
0.707212 0.572689 0.910011 1 0 1
0.697875 0.585587 0.911011 1 0 1
0.688304 0.598333 0.912011 1 0 1
0.6785 0.610924 0.913011 1 0 1
0.668466 0.623354 0.914011 1 0 1
0.658204 0.63562 0.915011 1 0 1
0.647718 0.647718 0.916011 1 0 1
0.63701 0.659643 0.917011 1 0 1
0.626082 0.671391 0.918011 1 0 1
0.614939 0.682959 0.919011 1 0 1
0.603582 0.694342 0.920012 1 0 1
0.592015 0.705536 0.921012 1 0 1
0.580241 0.716538 0.922012 1 0 1
0.568263 0.727343 0.923012 1 0 1
0.556084 0.737948 0.924012 1 0 1
0.543708 0.74835 0.925012 1 0 1
0.531138 0.758544 0.926012 1 0 1
0.518378 0.768528 0.927012 1 0 1
0.505431 0.778296 0.928012 1 0 1
0.492301 0.787847 0.929012 1 0 1
0.478991 0.797176 0.930012 1 0 1
0.465506 0.80628 0.931012 1 0 1
0.451848 0.815156 0.932012 1 0 1
0.438023 0.823801 0.933012 1 0 1
0.424033 0.832211 0.934012 1 0 1
0.409882 0.840383 0.935012 1 0 1
0.395576 0.848315 0.936012 1 0 1
0.381117 0.856003 0.937012 1 0 1
0.36651 0.863445 0.938012 1 0 1
0.35176 0.870637 0.939012 1 0 1
0.33687 0.877577 0.940012 1 0 1
0.321845 0.884262 0.941012 1 0 1
0.306689 0.89069 0.942012 1 0 1
0.291407 0.896858 0.943012 1 0 1
0.276002 0.902763 0.944012 1 0 1
0.260481 0.908404 0.945012 1 0 1
0.244846 0.913778 0.946012 1 0 1
0.229103 0.918882 0.947012 1 0 1
0.213256 0.923715 0.948012 1 0 1
0.197311 0.928274 0.949012 1 0 1
0.181271 0.932558 0.950012 1 0 1
0.165142 0.936564 0.951012 1 0 1
0.148928 0.940291 0.952012 1 0 1
0.132634 0.943738 0.953012 1 0 1
0.116265 0.946901 0.954012 1 0 1
0.099826 0.949781 0.955012 1 0 1
0.083322 0.952374 0.956012 1 0 1
0.0667578 0.954681 0.957012 1 0 1
0.0501385 0.956699 0.958012 1 0 1
0.0334691 0.958428 0.959012 1 0 1
0.0167545 0.959866 0.960012 1 0 1
2.94225e-16 0.961012 0.961012 1 0 1
-0.0167894 0.961866 0.962012 1 0 1
-0.0336087 0.962426 0.963013 1 0 1
-0.0504525 0.962691 0.964013 1 0 1
-0.0673159 0.962662 0.965013 1 0 1
-0.0841935 0.962337 0.966013 1 0 1
-0.10108 0.961715 0.967013 1 0 1
-0.117971 0.960797 0.968013 1 0 1
-0.13486 0.959582 0.969013 1 0 1
-0.151743 0.95807 0.970013 1 0 1
-0.168615 0.956261 0.971013 1 0 1
-0.185469 0.954154 0.972013 1 0 1
-0.202301 0.95175 0.973013 1 0 1
-0.219105 0.949049 0.974013 1 0 1
-0.235877 0.946051 0.975013 1 0 1
-0.252611 0.942756 0.976013 1 0 1
-0.269301 0.939165 0.977013 1 0 1
-0.285943 0.935278 0.978013 1 0 1
-0.302532 0.931097 0.979013 1 0 1
-0.319061 0.92662 0.980013 1 0 1
-0.335526 0.921851 0.981013 1 0 1
-0.351922 0.916788 0.982013 1 0 1
-0.368243 0.911434 0.983013 1 0 1
-0.384484 0.905789 0.984013 1 0 1
-0.400641 0.899854 0.985013 1 0 1
-0.416707 0.893631 0.986013 1 0 1
-0.432678 0.887121 0.987013 1 0 1
-0.448549 0.880326 0.988013 1 0 1
-0.464314 0.873247 0.989013 1 0 1
-0.479968 0.865885 0.990013 1 0 1
-0.495507 0.858243 0.991013 1 0 1
-0.510925 0.850321 0.992013 1 0 1
-0.526217 0.842123 0.993013 1 0 1
-0.541378 0.83365 0.994013 1 0 1
-0.556404 0.824903 0.995013 1 0 1
-0.57129 0.815886 0.996013 1 0 1
-0.58603 0.806601 0.997013 1 0 1
-0.600619 0.797049 0.998013 1 0 1
-0.615054 0.787233 0.999013 1 0 1
-0.629329 0.777156 1.00001 1 0 1
-0.643439 0.766821 1.00101 1 0 1
-0.65738 0.756229 1.00201 1 0 1
-0.671147 0.745384 1.00301 1 0 1
-0.684736 0.734289 1.00401 1 0 1
-0.698141 0.722946 1.00501 1 0 1
-0.711359 0.711359 1.00601 1 0 1
-0.724385 0.69953 1.00701 1 0 1
-0.737214 0.687464 1.00801 1 0 1
-0.749843 0.675162 1.00901 1 0 1
-0.762267 0.662629 1.01001 1 0 1
-0.774481 0.649867 1.01101 1 0 1
