Total points are 1000 Points Are x y z r g b
-50 0.0467772 0 1 0 0
-49.9 -0.0490995 0 1 0 0
-49.8 -0.0998344 0 1 0 0
-49.7 -0.0587819 0 0 1 0
-49.6 0.0363143 0 0 1 0
-49.5 0.0980234 0 0 1 0
-49.4 0.0696102 0 1 0 0
-49.3 -0.0228023 0 1 0 0
-49.2 -0.0942504 0 1 0 0
-49.1 -0.0790452 0 0 1 0
-49 0.00883387 0 0 1 0
-48.9 0.0885911 0 0 1 0
-48.8 0.0868981 0 1 0 0
-48.7 0.00531137 0 1 0 0
-48.6 -0.0811586 0 1 0 0
-48.5 -0.0930117 0 1 0 0
-48.4 -0.0193503 0 0 1 0
-48.3 0.0721017 0 0 1 0
-48.2 0.0972637 0 0 1 0
-48.1 0.0330019 0 1 0 0
-48 -0.0616017 0 1 0 0
-47.9 -0.099569 0 1 0 0
-47.8 -0.045993 0 0 1 0
-47.7 0.0498687 0 0 1 0
-47.6 0.0998814 0 0 1 0
-47.5 0.0580636 0 1 0 0
-47.4 -0.0371376 0 1 0 0
-47.3 -0.0981946 0 1 0 0
-47.2 -0.068972 0 0 1 0
-47.1 0.0236632 0 0 1 0
-47 0.0945425 0 0 1 0
-46.9 0.0784999 0 1 0 0
-46.8 -0.00971519 0 1 0 0
-46.7 -0.0889982 0 1 0 0
-46.6 -0.0864567 0 0 1 0
-46.5 -0.00442728 0 0 1 0
-46.4 0.0816725 0 0 1 0
-46.3 0.092683 0 0 1 0
-46.2 0.0184811 0 1 0 0
-46.1 -0.0727122 0 1 0 0
-46 -0.0970543 0 1 0 0
-45.9 -0.0321651 0 0 1 0
-45.8 0.0622965 0 0 1 0
-45.7 0.099483 0 0 1 0
-45.6 0.0452053 0 1 0 0
-45.5 -0.050634 0 1 0 0
-45.4 -0.0999206 0 1 0 0
-45.3 -0.0573407 0 0 1 0
-45.2 0.037958 0 0 1 0
-45.1 0.0983582 0 0 1 0
-45 0.0683284 0 1 0 0
-44.9 -0.0245223 0 1 0 0
-44.8 -0.0948273 0 1 0 0
-44.7 -0.0779485 0 0 1 0
-44.6 0.0105958 0 0 1 0
-44.5 0.0893983 0 0 1 0
-44.4 0.0860085 0 1 0 0
-44.3 0.00354284 0 1 0 0
-44.2 -0.0821801 0 1 0 0
-44.1 -0.092347 0 1 0 0
-44 -0.0176105 0 0 1 0
-43.9 0.073317 0 0 1 0
-43.8 0.0968372 0 0 1 0
-43.7 0.0313257 0 1 0 0
-43.6 -0.0629865 0 1 0 0
-43.5 -0.0993892 0 1 0 0
-43.4 -0.044414 0 0 1 0
-43.3 0.0513953 0 0 1 0
-43.2 0.0999519 0 0 1 0
-43.1 0.0566132 0 1 0 0
-43 -0.0387754 0 1 0 0
-42.9 -0.0985141 0 1 0 0
-42.8 -0.0676794 0 0 1 0
-42.7 0.0253794 0 0 1 0
-42.6 0.0951045 0 0 1 0
-42.5 0.077391 0 1 0 0
-42.4 -0.0114755 0 1 0 0
-42.3 -0.0897914 0 1 0 0
-42.2 -0.0855536 0 0 1 0
-42.1 -0.00265813 0 0 1 0
-42 0.0826812 0 0 1 0
-41.9 0.0920038 0 0 1 0
-41.8 0.0167385 0 1 0 0
-41.7 -0.073916 0 1 0 0
-41.6 -0.0966126 0 1 0 0
-41.5 -0.0304839 0 0 1 0
-41.4 0.0636715 0 0 1 0
-41.3 0.0992876 0 0 1 0
-41.2 0.0436192 0 1 0 0
-41.1 -0.0521525 0 1 0 0
-41 -0.0999755 0 1 0 0
-40.9 -0.0558814 0 0 1 0
-40.8 0.0395897 0 0 1 0
-40.7 0.0986623 0 0 1 0
-40.6 0.0670252 0 1 0 0
-40.5 -0.0262346 0 1 0 0
-40.4 -0.0953744 0 1 0 0
-40.3 -0.0768274 0 0 1 0
-40.2 0.0123543 0 0 1 0
-40.1 0.0901775 0 0 1 0
-40 0.0850919 0 1 0 0
-39.9 0.00177321 0 1 0 0
-39.8 -0.0831758 0 1 0 0
-39.7 -0.0916534 0 1 0 0
-39.6 -0.0158652 0 0 1 0
-39.5 0.0745093 0 0 1 0
-39.4 0.0963803 0 0 1 0
-39.3 0.0296397 0 1 0 0
-39.2 -0.0643515 0 1 0 0
-39.1 -0.0991783 0 1 0 0
-39 -0.042821 0 0 1 0
-38.9 0.0529057 0 0 1 0
-38.8 0.0999912 0 0 1 0
-38.7 0.0551452 0 1 0 0
-38.6 -0.040401 0 1 0 0
-38.5 -0.0988027 0 1 0 0
-38.4 -0.0663656 0 0 1 0
-38.3 0.0270877 0 0 1 0
-38.2 0.0956367 0 0 1 0
-38.1 0.0762578 0 1 0 0
-38 -0.0132322 0 1 0 0
-37.9 -0.0905566 0 1 0 0
-37.8 -0.0846236 0 0 1 0
-37.7 -0.000888145 0 0 1 0
-37.6 0.0836639 0 0 1 0
-37.5 0.0912958 0 0 1 0
-37.4 0.0149907 0 1 0 0
-37.3 -0.0750967 0 1 0 0
-37.2 -0.0961406 0 1 0 0
-37.1 -0.0287932 0 0 1 0
-37 0.0650265 0 0 1 0
-36.9 0.0990611 0 0 1 0
-36.8 0.0420194 0 1 0 0
-36.7 -0.0536547 0 1 0 0
-36.6 -0.099999 0 1 0 0
-36.5 -0.0544046 0 0 1 0
-36.4 0.0412091 0 0 1 0
-36.3 0.0989354 0 0 1 0
-36.2 0.0657009 0 1 0 0
-36.1 -0.0279387 0 1 0 0
-36 -0.0958916 0 1 0 0
-35.9 -0.0756822 0 0 1 0
-35.8 0.014109 0 0 1 0
-35.7 0.0909285 0 0 1 0
-35.6 0.0841487 0 1 0 0
-35.5 3.01444e-06 0 1 0 0
-35.4 -0.0841455 0 1 0 0
-35.3 -0.090931 0 1 0 0
-35.2 -0.014115 0 0 1 0
-35.1 0.0756783 0 0 1 0
-35 0.0958933 0 0 1 0
-34.9 0.0279444 0 1 0 0
-34.8 -0.0656964 0 1 0 0
-34.7 -0.0989363 0 1 0 0
-34.6 -0.0412146 0 0 1 0
-34.5 0.0543996 0 0 1 0
-34.4 0.099999 0 0 1 0
-34.3 0.0536598 0 1 0 0
-34.2 -0.042014 0 1 0 0
-34.1 -0.0990603 0 1 0 0
-34 -0.0650311 0 0 1 0
-33.9 0.0287874 0 0 1 0
-33.8 0.0961389 0 0 1 0
-33.7 0.0751007 0 1 0 0
-33.6 -0.0149847 0 1 0 0
-33.5 -0.0912933 0 1 0 0
-33.4 -0.0836672 0 0 1 0
-33.3 0.000882117 0 0 1 0
-33.2 0.0846204 0 0 1 0
-33.1 0.0905591 0 0 1 0
-33 0.0132382 0 1 0 0
-32.9 -0.0762539 0 1 0 0
-32.8 -0.0956385 0 1 0 0
-32.7 -0.0270935 0 0 1 0
-32.6 0.0663611 0 0 1 0
-32.5 0.0988036 0 0 1 0
-32.4 0.0404065 0 1 0 0
-32.3 -0.0551402 0 1 0 0
-32.2 -0.0999912 0 1 0 0
-32.1 -0.0529108 0 0 1 0
-32 0.0428155 0 0 1 0
-31.9 0.0991775 0 0 1 0
-31.8 0.0643561 0 1 0 0
-31.7 -0.029634 0 1 0 0
-31.6 -0.0963787 0 1 0 0
-31.5 -0.0745133 0 0 1 0
-31.4 0.0158593 0 0 1 0
-31.3 0.0916509 0 0 1 0
-31.2 0.0831791 0 1 0 0
-31.1 -0.00176718 0 1 0 0
-31 -0.0850888 0 1 0 0
-30.9 -0.0901801 0 1 0 0
-30.8 -0.0123603 0 0 1 0
-30.7 0.0768235 0 0 1 0
-30.6 0.0953762 0 0 1 0
-30.5 0.0262404 0 1 0 0
-30.4 -0.0670207 0 1 0 0
-30.3 -0.0986633 0 1 0 0
-30.2 -0.0395953 0 0 1 0
-30.1 0.0558764 0 0 1 0
-30 0.0999756 0 0 1 0
-29.9 0.0521577 0 1 0 0
-29.8 -0.0436138 0 1 0 0
-29.7 -0.0992869 0 1 0 0
-29.6 -0.0636761 0 0 1 0
-29.5 0.0304782 0 0 1 0
-29.4 0.096611 0 0 1 0
-29.3 0.0739201 0 1 0 0
-29.2 -0.0167326 0 1 0 0
-29.1 -0.0920014 0 1 0 0
-29 -0.0826846 0 0 1 0
-28.9 0.0026521 0 0 1 0
-28.8 0.0855504 0 0 1 0
-28.7 0.0897941 0 0 1 0
-28.6 0.0114815 0 1 0 0
-28.5 -0.0773872 0 1 0 0
-28.4 -0.0951064 0 1 0 0
-28.3 -0.0253853 0 0 1 0
-28.2 0.067675 0 0 1 0
-28.1 0.0985151 0 0 1 0
-28 0.0387809 0 1 0 0
-27.9 -0.0566083 0 1 0 0
-27.8 -0.0999521 0 1 0 0
-27.7 -0.0514004 0 0 1 0
-27.6 0.0444086 0 0 1 0
-27.5 0.0993885 0 0 1 0
-27.4 0.0629911 0 1 0 0
-27.3 -0.03132 0 1 0 0
-27.2 -0.0968357 0 1 0 0
-27.1 -0.0733211 0 0 1 0
-27 0.0176046 0 0 1 0
-26.9 0.0923447 0 0 1 0
-26.8 0.0821835 0 1 0 0
-26.7 -0.00353682 0 1 0 0
-26.6 -0.0860054 0 1 0 0
-26.5 -0.089401 0 1 0 0
-26.4 -0.0106017 0 0 1 0
-26.3 0.0779447 0 0 1 0
-26.2 0.0948292 0 0 1 0
-26.1 0.0245281 0 1 0 0
-26 -0.068324 0 1 0 0
-25.9 -0.0983593 0 1 0 0
-25.8 -0.0379636 0 0 1 0
-25.7 0.0573357 0 0 1 0
-25.6 0.0999208 0 0 1 0
-25.5 0.0506392 0 1 0 0
-25.4 -0.0451999 0 1 0 0
-25.3 -0.0994824 0 1 0 0
-25.2 -0.0623012 0 0 1 0
-25.1 0.0321594 0 0 1 0
-25 0.0970528 0 0 1 0
-24.9 0.0727163 0 1 0 0
-24.8 -0.0184752 0 1 0 0
-24.7 -0.0926807 0 1 0 0
-24.6 -0.081676 0 0 1 0
-24.5 0.00442126 0 0 1 0
-24.4 0.0864536 0 0 1 0
-24.3 0.0890009 0 0 1 0
-24.2 0.00972119 0 1 0 0
-24.1 -0.0784962 0 1 0 0
-24 -0.0945445 0 1 0 0
-23.9 -0.0236691 0 0 1 0
-23.8 0.0689676 0 0 1 0
-23.7 0.0981958 0 0 1 0
-23.6 0.0371432 0 1 0 0
-23.5 -0.0580587 0 1 0 0
-23.4 -0.0998817 0 1 0 0
-23.3 -0.0498739 0 0 1 0
-23.2 0.0459877 0 0 1 0
-23.1 0.0995684 0 0 1 0
-23 0.0616064 0 1 0 0
-22.9 -0.0329962 0 1 0 0
-22.8 -0.0972623 0 1 0 0
-22.7 -0.0721059 0 0 1 0
-22.6 0.0193444 0 0 1 0
-22.5 0.0930095 0 0 1 0
-22.4 0.0811621 0 1 0 0
-22.3 -0.00530535 0 1 0 0
-22.2 -0.0868951 0 1 0 0
-22.1 -0.0885939 0 1 0 0
-22 -0.00883987 0 0 1 0
-21.9 0.0790415 0 0 1 0
-21.8 0.0942525 0 0 1 0
-21.7 0.0228082 0 1 0 0
-21.6 -0.0696058 0 1 0 0
-21.5 -0.0980246 0 1 0 0
-21.4 -0.0363199 0 0 1 0
-21.3 0.0587771 0 0 1 0
-21.2 0.0998347 0 0 1 0
-21.1 0.0491048 0 1 0 0
-21 -0.0467719 0 1 0 0
-20.9 -0.0996467 0 1 0 0
-20.8 -0.0609068 0 0 1 0
-20.7 0.0338305 0 0 1 0
-20.6 0.0974642 0 0 1 0
-20.5 0.0714898 0 1 0 0
-20.4 -0.020212 0 1 0 0
-20.3 -0.093331 0 1 0 0
-20.2 -0.0806418 0 0 1 0
-20.1 0.00618903 0 0 1 0
-20 0.0873297 0 0 1 0
-19.9 0.0881799 0 0 1 0
-19.8 0.00795786 0 1 0 0
-19.7 -0.0795806 0 1 0 0
-19.6 -0.093953 0 1 0 0
-19.5 -0.0219455 0 0 1 0
-19.4 0.0702386 0 0 1 0
-19.3 0.0978457 0 0 1 0
-19.2 0.0354938 0 1 0 0
-19.1 -0.0594909 0 1 0 0
-19 -0.0997799 0 1 0 0
-18.9 -0.0483318 0 0 1 0
-18.8 0.0475524 0 0 1 0
-18.7 0.0997171 0 0 1 0
-18.6 0.0602024 0 1 0 0
-18.5 -0.0346621 0 1 0 0
-18.4 -0.0976584 0 1 0 0
-18.3 -0.070868 0 0 1 0
-18.2 0.0210781 0 0 1 0
-18.1 0.0936451 0 0 1 0
-18 0.0801153 0 1 0 0
-17.9 -0.00707222 0 1 0 0
-17.8 -0.0877575 0 1 0 0
-17.7 -0.087759 0 1 0 0
-17.6 -0.00707522 0 0 1 0
-17.5 0.0801135 0 0 1 0
-17.4 0.0936462 0 0 1 0
-17.3 0.0210811 0 1 0 0
-17.2 -0.0708659 0 1 0 0
-17.1 -0.0976591 0 1 0 0
-17 -0.0346649 0 0 1 0
-16.9 0.0602 0 0 1 0
-16.8 0.0997173 0 0 1 0
-16.7 0.047555 0 1 0 0
-16.6 -0.0483292 0 1 0 0
-16.5 -0.0997797 0 1 0 0
-16.4 -0.0594933 0 0 1 0
-16.3 0.035491 0 0 1 0
-16.2 0.097845 0 0 1 0
-16.1 0.0702408 0 1 0 0
-16 -0.0219425 0 1 0 0
-15.9 -0.093952 0 1 0 0
-15.8 -0.0795824 0 0 1 0
-15.7 0.00795485 0 0 1 0
-15.6 0.0881785 0 0 1 0
-15.5 0.0873312 0 1 0 0
-15.4 0.00619203 0 1 0 0
-15.3 -0.0806401 0 1 0 0
-15.2 -0.0933321 0 1 0 0
-15.1 -0.020215 0 0 1 0
-15 0.0714876 0 0 1 0
-14.9 0.0974649 0 0 1 0
-14.8 0.0338333 0 1 0 0
-14.7 -0.0609044 0 1 0 0
-14.6 -0.0996469 0 1 0 0
-14.5 -0.0467745 0 0 1 0
-14.4 0.0491022 0 0 1 0
-14.3 0.0998345 0 0 1 0
-14.2 0.0587795 0 1 0 0
-14.1 -0.0363171 0 1 0 0
-14 -0.098024 0 1 0 0
-13.9 -0.069608 0 0 1 0
-13.8 0.0228052 0 0 1 0
-13.7 0.0942514 0 0 1 0
-13.6 0.0790433 0 1 0 0
-13.5 -0.00883687 0 1 0 0
-13.4 -0.0885925 0 1 0 0
-13.3 -0.0868966 0 0 1 0
-13.2 -0.00530836 0 0 1 0
-13.1 0.0811603 0 0 1 0
-13 0.0930106 0 0 1 0
-12.9 0.0193473 0 1 0 0
-12.8 -0.0721038 0 1 0 0
-12.7 -0.097263 0 1 0 0
-12.6 -0.0329991 0 0 1 0
-12.5 0.061604 0 0 1 0
-12.4 0.0995687 0 0 1 0
-12.3 0.0459903 0 1 0 0
-12.2 -0.0498713 0 1 0 0
-12.1 -0.0998815 0 1 0 0
-12 -0.0580611 0 0 1 0
-11.9 0.0371404 0 0 1 0
-11.8 0.0981952 0 0 1 0
-11.7 0.0689698 0 1 0 0
-11.6 -0.0236661 0 1 0 0
-11.5 -0.0945435 0 1 0 0
-11.4 -0.078498 0 0 1 0
-11.3 0.00971819 0 0 1 0
-11.2 0.0889996 0 0 1 0
-11.1 0.0864551 0 1 0 0
-11 0.00442427 0 1 0 0
-10.9 -0.0816743 0 1 0 0
-10.8 -0.0926818 0 1 0 0
-10.7 -0.0184782 0 0 1 0
-10.6 0.0727143 0 0 1 0
-10.5 0.0970535 0 0 1 0
-10.4 0.0321622 0 1 0 0
-10.3 -0.0622989 0 1 0 0
-10.2 -0.0994827 0 1 0 0
-10.1 -0.0452026 0 0 1 0
-10 0.0506366 0 0 1 0
-9.9 0.0999207 0 0 1 0
-9.8 0.0573382 0 1 0 0
-9.7 -0.0379608 0 1 0 0
-9.6 -0.0983588 0 1 0 0
-9.5 -0.0683262 0 0 1 0
-9.4 0.0245252 0 0 1 0
-9.3 0.0948282 0 0 1 0
-9.2 0.0779466 0 1 0 0
-9.1 -0.0105988 0 1 0 0
-9 -0.0893997 0 1 0 0
-8.9 -0.0860069 0 0 1 0
-8.8 -0.00353983 0 0 1 0
-8.7 0.0821818 0 0 1 0
-8.6 0.0923458 0 0 1 0
-8.5 0.0176076 0 1 0 0
-8.4 -0.073319 0 1 0 0
-8.3 -0.0968364 0 1 0 0
-8.2 -0.0313229 0 0 1 0
-8.1 0.0629888 0 0 1 0
-8 0.0993889 0 0 1 0
-7.9 0.0444113 0 1 0 0
-7.8 -0.0513978 0 1 0 0
-7.7 -0.099952 0 1 0 0
-7.6 -0.0566108 0 0 1 0
-7.5 0.0387782 0 0 1 0
-7.4 0.0985146 0 0 1 0
-7.3 0.0676772 0 1 0 0
-7.2 -0.0253823 0 1 0 0
-7.1 -0.0951055 0 1 0 0
-7 -0.0773891 0 0 1 0
-6.9 0.0114785 0 0 1 0
-6.8 0.0897928 0 0 1 0
-6.7 0.085552 0 1 0 0
-6.6 0.00265512 0 1 0 0
-6.5 -0.0826829 0 1 0 0
-6.4 -0.0920026 0 1 0 0
-6.3 -0.0167356 0 0 1 0
-6.2 0.0739181 0 0 1 0
-6.1 0.0966118 0 0 1 0
-6 0.0304811 0 1 0 0
-5.9 -0.0636738 0 1 0 0
-5.8 -0.0992873 0 1 0 0
-5.7 -0.0436165 0 0 1 0
-5.6 0.0521551 0 0 1 0
-5.5 0.0999755 0 0 1 0
-5.4 0.0558789 0 1 0 0
-5.3 -0.0395925 0 1 0 0
-5.2 -0.0986628 0 1 0 0
-5.1 -0.0670229 0 0 1 0
-5 0.0262375 0 0 1 0
-4.9 0.0953753 0 0 1 0
-4.8 0.0768255 0 1 0 0
-4.7 -0.0123573 0 1 0 0
-4.6 -0.0901788 0 1 0 0
-4.5 -0.0850904 0 0 1 0
-4.4 -0.00177019 0 0 1 0
-4.3 0.0831775 0 0 1 0
-4.2 0.0916522 0 0 1 0
-4.1 0.0158623 0 1 0 0
-4 -0.0745113 0 1 0 0
-3.9 -0.0963795 0 1 0 0
-3.8 -0.0296369 0 0 1 0
-3.7 0.0643538 0 0 1 0
-3.6 0.0991779 0 0 1 0
-3.5 0.0428183 0 1 0 0
-3.4 -0.0529083 0 1 0 0
-3.3 -0.0999912 0 1 0 0
-3.2 -0.0551427 0 0 1 0
-3.1 0.0404038 0 0 1 0
-3 0.0988032 0 0 1 0
-2.9 0.0663634 0 1 0 0
-2.8 -0.0270906 0 1 0 0
-2.7 -0.0956376 0 1 0 0
-2.6 -0.0762558 0 0 1 0
-2.5 0.0132352 0 0 1 0
-2.4 0.0905578 0 0 1 0
-2.3 0.084622 0 1 0 0
-2.2 0.000885131 0 1 0 0
-2.1 -0.0836656 0 1 0 0
-2 -0.0912945 0 1 0 0
-1.9 -0.0149877 0 0 1 0
-1.8 0.0750987 0 0 1 0
-1.7 0.0961397 0 0 1 0
-1.6 0.0287903 0 1 0 0
-1.5 -0.0650288 0 1 0 0
-1.4 -0.0990607 0 1 0 0
-1.3 -0.0420167 0 0 1 0
-1.2 0.0536573 0 0 1 0
-1.1 0.099999 0 0 1 0
-1 0.0544021 0 1 0 0
-0.9 -0.0412119 0 1 0 0
-0.8 -0.0989358 0 1 0 0
-0.7 -0.0656987 0 0 1 0
-0.6 0.0279415 0 0 1 0
-0.5 0.0958924 0 0 1 0
-0.4 0.0756802 0 1 0 0
-0.3 -0.014112 0 1 0 0
-0.2 -0.0909297 0 1 0 0
-0.1 -0.0841471 0 0 1 0
0 0 0 0 1 0
0.1 0.0841471 0 0 1 0
0.2 0.0909297 0 0 1 0
0.3 0.014112 0 1 0 0
0.4 -0.0756802 0 1 0 0
0.5 -0.0958924 0 1 0 0
0.6 -0.0279415 0 0 1 0
0.7 0.0656987 0 0 1 0
0.8 0.0989358 0 0 1 0
0.9 0.0412119 0 1 0 0
1 -0.0544021 0 1 0 0
1.1 -0.099999 0 1 0 0
1.2 -0.0536573 0 0 1 0
1.3 0.0420167 0 0 1 0
1.4 0.0990607 0 0 1 0
1.5 0.0650288 0 1 0 0
1.6 -0.0287903 0 1 0 0
1.7 -0.0961397 0 1 0 0
1.8 -0.0750987 0 0 1 0
1.9 0.0149877 0 0 1 0
2 0.0912945 0 0 1 0
2.1 0.0836656 0 1 0 0
2.2 -0.000885131 0 1 0 0
2.3 -0.084622 0 1 0 0
2.4 -0.0905578 0 1 0 0
2.5 -0.0132352 0 0 1 0
2.6 0.0762558 0 0 1 0
2.7 0.0956376 0 0 1 0
2.8 0.0270906 0 1 0 0
2.9 -0.0663634 0 1 0 0
3 -0.0988032 0 1 0 0
3.1 -0.0404038 0 0 1 0
3.2 0.0551427 0 0 1 0
3.3 0.0999912 0 0 1 0
3.4 0.0529083 0 1 0 0
3.5 -0.0428183 0 1 0 0
3.6 -0.0991779 0 1 0 0
3.7 -0.0643538 0 0 1 0
3.8 0.0296369 0 0 1 0
3.9 0.0963795 0 0 1 0
4 0.0745113 0 1 0 0
4.1 -0.0158623 0 1 0 0
4.2 -0.0916522 0 1 0 0
4.3 -0.0831775 0 0 1 0
4.4 0.00177019 0 0 1 0
4.5 0.0850904 0 0 1 0
4.6 0.0901788 0 0 1 0
4.7 0.0123573 0 1 0 0
4.8 -0.0768255 0 1 0 0
4.9 -0.0953753 0 1 0 0
5 -0.0262375 0 0 1 0
5.1 0.0670229 0 0 1 0
5.2 0.0986628 0 0 1 0
5.3 0.0395925 0 1 0 0
5.4 -0.0558789 0 1 0 0
5.5 -0.0999755 0 1 0 0
5.6 -0.0521551 0 0 1 0
5.7 0.0436165 0 0 1 0
5.8 0.0992873 0 0 1 0
5.9 0.0636738 0 1 0 0
6 -0.0304811 0 1 0 0
6.1 -0.0966118 0 1 0 0
6.2 -0.0739181 0 0 1 0
6.3 0.0167356 0 0 1 0
6.4 0.0920026 0 0 1 0
6.5 0.0826829 0 1 0 0
6.6 -0.00265512 0 1 0 0
6.7 -0.085552 0 1 0 0
6.8 -0.0897928 0 1 0 0
6.9 -0.0114785 0 0 1 0
7 0.0773891 0 0 1 0
7.1 0.0951055 0 0 1 0
7.2 0.0253823 0 1 0 0
7.3 -0.0676772 0 1 0 0
7.4 -0.0985146 0 1 0 0
7.5 -0.0387782 0 0 1 0
7.6 0.0566108 0 0 1 0
7.7 0.099952 0 0 1 0
7.8 0.0513978 0 1 0 0
7.9 -0.0444113 0 1 0 0
8 -0.0993889 0 1 0 0
8.1 -0.0629888 0 0 1 0
8.2 0.0313229 0 0 1 0
8.3 0.0968364 0 0 1 0
8.4 0.073319 0 1 0 0
8.5 -0.0176076 0 1 0 0
8.6 -0.0923458 0 1 0 0
8.7 -0.0821818 0 0 1 0
8.8 0.00353983 0 0 1 0
8.9 0.0860069 0 0 1 0
9 0.0893997 0 0 1 0
9.1 0.0105988 0 1 0 0
9.2 -0.0779466 0 1 0 0
9.3 -0.0948282 0 1 0 0
9.4 -0.0245252 0 0 1 0
9.5 0.0683262 0 0 1 0
9.6 0.0983588 0 0 1 0
9.7 0.0379608 0 1 0 0
9.8 -0.0573382 0 1 0 0
9.9 -0.0999207 0 1 0 0
10 -0.0506366 0 0 1 0
10.1 0.0452026 0 0 1 0
10.2 0.0994827 0 0 1 0
10.3 0.0622989 0 1 0 0
10.4 -0.0321622 0 1 0 0
10.5 -0.0970535 0 1 0 0
10.6 -0.0727143 0 0 1 0
10.7 0.0184782 0 0 1 0
10.8 0.0926818 0 0 1 0
10.9 0.0816743 0 1 0 0
11 -0.00442427 0 1 0 0
11.1 -0.0864551 0 1 0 0
11.2 -0.0889996 0 1 0 0
11.3 -0.00971819 0 0 1 0
11.4 0.078498 0 0 1 0
11.5 0.0945435 0 0 1 0
11.6 0.0236661 0 1 0 0
11.7 -0.0689698 0 1 0 0
11.8 -0.0981952 0 1 0 0
11.9 -0.0371404 0 0 1 0
12 0.0580611 0 0 1 0
12.1 0.0998815 0 0 1 0
12.2 0.0498713 0 1 0 0
12.3 -0.0459903 0 1 0 0
12.4 -0.0995687 0 1 0 0
12.5 -0.061604 0 0 1 0
12.6 0.0329991 0 0 1 0
12.7 0.097263 0 0 1 0
12.8 0.0721038 0 1 0 0
12.9 -0.0193473 0 1 0 0
13 -0.0930106 0 1 0 0
13.1 -0.0811603 0 0 1 0
13.2 0.00530836 0 0 1 0
13.3 0.0868966 0 0 1 0
13.4 0.0885925 0 0 1 0
13.5 0.00883687 0 1 0 0
13.6 -0.0790433 0 1 0 0
13.7 -0.0942514 0 1 0 0
13.8 -0.0228052 0 0 1 0
13.9 0.069608 0 0 1 0
14 0.098024 0 0 1 0
14.1 0.0363171 0 1 0 0
14.2 -0.0587795 0 1 0 0
14.3 -0.0998345 0 1 0 0
14.4 -0.0491022 0 0 1 0
14.5 0.0467745 0 0 1 0
14.6 0.0996469 0 0 1 0
14.7 0.0609044 0 1 0 0
14.8 -0.0338333 0 1 0 0
14.9 -0.0974649 0 1 0 0
15 -0.0714876 0 0 1 0
15.1 0.020215 0 0 1 0
15.2 0.0933321 0 0 1 0
15.3 0.0806401 0 1 0 0
15.4 -0.00619203 0 1 0 0
15.5 -0.0873312 0 1 0 0
15.6 -0.0881785 0 1 0 0
15.7 -0.00795485 0 0 1 0
15.8 0.0795824 0 0 1 0
15.9 0.093952 0 0 1 0
16 0.0219425 0 1 0 0
16.1 -0.0702408 0 1 0 0
16.2 -0.097845 0 1 0 0
16.3 -0.035491 0 0 1 0
16.4 0.0594933 0 0 1 0
16.5 0.0997797 0 0 1 0
16.6 0.0483292 0 1 0 0
16.7 -0.047555 0 1 0 0
16.8 -0.0997173 0 1 0 0
16.9 -0.0602 0 0 1 0
17 0.0346649 0 0 1 0
17.1 0.0976591 0 0 1 0
17.2 0.0708659 0 1 0 0
17.3 -0.0210811 0 1 0 0
17.4 -0.0936462 0 1 0 0
17.5 -0.0801135 0 0 1 0
17.6 0.00707522 0 0 1 0
17.7 0.087759 0 0 1 0
17.8 0.0877575 0 1 0 0
17.9 0.00707222 0 1 0 0
18 -0.0801153 0 1 0 0
18.1 -0.0936451 0 1 0 0
18.2 -0.0210781 0 0 1 0
18.3 0.070868 0 0 1 0
18.4 0.0976584 0 0 1 0
18.5 0.0346621 0 1 0 0
18.6 -0.0602024 0 1 0 0
18.7 -0.0997171 0 1 0 0
18.8 -0.0475524 0 0 1 0
18.9 0.0483318 0 0 1 0
19 0.0997799 0 0 1 0
19.1 0.0594909 0 1 0 0
19.2 -0.0354938 0 1 0 0
19.3 -0.0978457 0 1 0 0
19.4 -0.0702386 0 0 1 0
19.5 0.0219455 0 0 1 0
19.6 0.093953 0 0 1 0
19.7 0.0795806 0 1 0 0
19.8 -0.00795786 0 1 0 0
19.9 -0.0881799 0 1 0 0
20 -0.0873297 0 0 1 0
20.1 -0.00618903 0 0 1 0
20.2 0.0806418 0 0 1 0
20.3 0.093331 0 0 1 0
20.4 0.020212 0 1 0 0
20.5 -0.0714898 0 1 0 0
20.6 -0.0974642 0 1 0 0
20.7 -0.0338305 0 0 1 0
20.8 0.0609068 0 0 1 0
20.9 0.0996467 0 0 1 0
21 0.0467719 0 1 0 0
21.1 -0.0491048 0 1 0 0
21.2 -0.0998347 0 1 0 0
21.3 -0.0587771 0 0 1 0
21.4 0.0363199 0 0 1 0
21.5 0.0980246 0 0 1 0
21.6 0.0696058 0 1 0 0
21.7 -0.0228082 0 1 0 0
21.8 -0.0942525 0 1 0 0
21.9 -0.0790415 0 0 1 0
22 0.00883987 0 0 1 0
22.1 0.0885939 0 0 1 0
22.2 0.0868951 0 1 0 0
22.3 0.00530535 0 1 0 0
22.4 -0.0811621 0 1 0 0
22.5 -0.0930095 0 1 0 0
22.6 -0.0193444 0 0 1 0
22.7 0.0721059 0 0 1 0
22.8 0.0972623 0 0 1 0
22.9 0.0329962 0 1 0 0
23 -0.0616064 0 1 0 0
23.1 -0.0995684 0 1 0 0
23.2 -0.0459877 0 0 1 0
23.3 0.0498739 0 0 1 0
23.4 0.0998817 0 0 1 0
23.5 0.0580587 0 1 0 0
23.6 -0.0371432 0 1 0 0
23.7 -0.0981958 0 1 0 0
23.8 -0.0689676 0 0 1 0
23.9 0.0236691 0 0 1 0
24 0.0945445 0 0 1 0
24.1 0.0784962 0 1 0 0
24.2 -0.00972119 0 1 0 0
24.3 -0.0890009 0 1 0 0
24.4 -0.0864536 0 0 1 0
24.5 -0.00442126 0 0 1 0
24.6 0.081676 0 0 1 0
24.7 0.0926807 0 0 1 0
24.8 0.0184752 0 1 0 0
24.9 -0.0727163 0 1 0 0
25 -0.0970528 0 1 0 0
25.1 -0.0321594 0 0 1 0
25.2 0.0623012 0 0 1 0
25.3 0.0994824 0 0 1 0
25.4 0.0451999 0 1 0 0
25.5 -0.0506392 0 1 0 0
25.6 -0.0999208 0 1 0 0
25.7 -0.0573357 0 0 1 0
25.8 0.0379636 0 0 1 0
25.9 0.0983593 0 0 1 0
26 0.068324 0 1 0 0
26.1 -0.0245281 0 1 0 0
26.2 -0.0948292 0 1 0 0
26.3 -0.0779447 0 0 1 0
26.4 0.0106017 0 0 1 0
26.5 0.089401 0 0 1 0
26.6 0.0860054 0 1 0 0
26.7 0.00353682 0 1 0 0
26.8 -0.0821835 0 1 0 0
26.9 -0.0923447 0 1 0 0
27 -0.0176046 0 0 1 0
27.1 0.0733211 0 0 1 0
27.2 0.0968357 0 0 1 0
27.3 0.03132 0 1 0 0
27.4 -0.0629911 0 1 0 0
27.5 -0.0993885 0 1 0 0
27.6 -0.0444086 0 0 1 0
27.7 0.0514004 0 0 1 0
27.8 0.0999521 0 0 1 0
27.9 0.0566083 0 1 0 0
28 -0.0387809 0 1 0 0
28.1 -0.0985151 0 1 0 0
28.2 -0.067675 0 0 1 0
28.3 0.0253853 0 0 1 0
28.4 0.0951064 0 0 1 0
28.5 0.0773872 0 1 0 0
28.6 -0.0114815 0 1 0 0
28.7 -0.0897941 0 1 0 0
28.8 -0.0855504 0 0 1 0
28.9 -0.0026521 0 0 1 0
29 0.0826846 0 0 1 0
29.1 0.0920014 0 0 1 0
29.2 0.0167326 0 1 0 0
29.3 -0.0739201 0 1 0 0
29.4 -0.096611 0 1 0 0
29.5 -0.0304782 0 0 1 0
29.6 0.0636761 0 0 1 0
29.7 0.0992869 0 0 1 0
29.8 0.0436138 0 1 0 0
29.9 -0.0521577 0 1 0 0
30 -0.0999756 0 1 0 0
30.1 -0.0558764 0 0 1 0
30.2 0.0395953 0 0 1 0
30.3 0.0986633 0 0 1 0
30.4 0.0670207 0 1 0 0
30.5 -0.0262404 0 1 0 0
30.6 -0.0953762 0 1 0 0
30.7 -0.0768235 0 0 1 0
30.8 0.0123603 0 0 1 0
30.9 0.0901801 0 0 1 0
31 0.0850888 0 1 0 0
31.1 0.00176718 0 1 0 0
31.2 -0.0831791 0 1 0 0
31.3 -0.0916509 0 1 0 0
31.4 -0.0158593 0 0 1 0
31.5 0.0745133 0 0 1 0
31.6 0.0963787 0 0 1 0
31.7 0.029634 0 1 0 0
31.8 -0.0643561 0 1 0 0
31.9 -0.0991775 0 1 0 0
32 -0.0428155 0 0 1 0
32.1 0.0529108 0 0 1 0
32.2 0.0999912 0 0 1 0
32.3 0.0551402 0 1 0 0
32.4 -0.0404065 0 1 0 0
32.5 -0.0988036 0 1 0 0
32.6 -0.0663611 0 0 1 0
32.7 0.0270935 0 0 1 0
32.8 0.0956385 0 0 1 0
32.9 0.0762539 0 1 0 0
33 -0.0132382 0 1 0 0
33.1 -0.0905591 0 1 0 0
33.2 -0.0846204 0 0 1 0
33.3 -0.000882117 0 0 1 0
33.4 0.0836672 0 0 1 0
33.5 0.0912933 0 0 1 0
33.6 0.0149847 0 1 0 0
33.7 -0.0751007 0 1 0 0
33.8 -0.0961389 0 1 0 0
33.9 -0.0287874 0 0 1 0
34 0.0650311 0 0 1 0
34.1 0.0990603 0 0 1 0
34.2 0.042014 0 1 0 0
34.3 -0.0536598 0 1 0 0
34.4 -0.099999 0 1 0 0
34.5 -0.0543996 0 0 1 0
34.6 0.0412146 0 0 1 0
34.7 0.0989363 0 0 1 0
34.8 0.0656964 0 1 0 0
34.9 -0.0279444 0 1 0 0
35 -0.0958933 0 1 0 0
35.1 -0.0756783 0 0 1 0
35.2 0.014115 0 0 1 0
35.3 0.090931 0 0 1 0
35.4 0.0841455 0 1 0 0
35.5 -3.01444e-06 0 1 0 0
35.6 -0.0841487 0 1 0 0
35.7 -0.0909285 0 1 0 0
35.8 -0.014109 0 0 1 0
35.9 0.0756822 0 0 1 0
36 0.0958916 0 0 1 0
36.1 0.0279387 0 1 0 0
36.2 -0.0657009 0 1 0 0
36.3 -0.0989354 0 1 0 0
36.4 -0.0412091 0 0 1 0
36.5 0.0544046 0 0 1 0
36.6 0.099999 0 0 1 0
36.7 0.0536547 0 1 0 0
36.8 -0.0420194 0 1 0 0
36.9 -0.0990611 0 1 0 0
37 -0.0650265 0 0 1 0
37.1 0.0287932 0 0 1 0
37.2 0.0961406 0 0 1 0
37.3 0.0750967 0 1 0 0
37.4 -0.0149907 0 1 0 0
37.5 -0.0912958 0 1 0 0
37.6 -0.0836639 0 0 1 0
37.7 0.000888145 0 0 1 0
37.8 0.0846236 0 0 1 0
37.9 0.0905566 0 0 1 0
38 0.0132322 0 1 0 0
38.1 -0.0762578 0 1 0 0
38.2 -0.0956367 0 1 0 0
38.3 -0.0270877 0 0 1 0
38.4 0.0663656 0 0 1 0
38.5 0.0988027 0 0 1 0
38.6 0.040401 0 1 0 0
38.7 -0.0551452 0 1 0 0
38.8 -0.0999912 0 1 0 0
38.9 -0.0529057 0 0 1 0
39 0.042821 0 0 1 0
39.1 0.0991783 0 0 1 0
39.2 0.0643515 0 1 0 0
39.3 -0.0296397 0 1 0 0
39.4 -0.0963803 0 1 0 0
39.5 -0.0745093 0 0 1 0
39.6 0.0158652 0 0 1 0
39.7 0.0916534 0 0 1 0
39.8 0.0831758 0 1 0 0
39.9 -0.00177321 0 1 0 0
40 -0.0850919 0 1 0 0
40.1 -0.0901775 0 1 0 0
40.2 -0.0123543 0 0 1 0
40.3 0.0768274 0 0 1 0
40.4 0.0953744 0 0 1 0
40.5 0.0262346 0 1 0 0
40.6 -0.0670252 0 1 0 0
40.7 -0.0986623 0 1 0 0
40.8 -0.0395897 0 0 1 0
40.9 0.0558814 0 0 1 0
41 0.0999755 0 0 1 0
41.1 0.0521525 0 1 0 0
41.2 -0.0436192 0 1 0 0
41.3 -0.0992876 0 1 0 0
41.4 -0.0636715 0 0 1 0
41.5 0.0304839 0 0 1 0
41.6 0.0966126 0 0 1 0
41.7 0.073916 0 1 0 0
41.8 -0.0167385 0 1 0 0
41.9 -0.0920038 0 1 0 0
42 -0.0826812 0 0 1 0
42.1 0.00265813 0 0 1 0
42.2 0.0855536 0 0 1 0
42.3 0.0897914 0 0 1 0
42.4 0.0114755 0 1 0 0
42.5 -0.077391 0 1 0 0
42.6 -0.0951045 0 1 0 0
42.7 -0.0253794 0 0 1 0
42.8 0.0676794 0 0 1 0
42.9 0.0985141 0 0 1 0
43 0.0387754 0 1 0 0
43.1 -0.0566132 0 1 0 0
43.2 -0.0999519 0 1 0 0
43.3 -0.0513953 0 0 1 0
43.4 0.044414 0 0 1 0
43.5 0.0993892 0 0 1 0
43.6 0.0629865 0 1 0 0
43.7 -0.0313257 0 1 0 0
43.8 -0.0968372 0 1 0 0
43.9 -0.073317 0 0 1 0
44 0.0176105 0 0 1 0
44.1 0.092347 0 0 1 0
44.2 0.0821801 0 1 0 0
44.3 -0.00354284 0 1 0 0
44.4 -0.0860085 0 1 0 0
44.5 -0.0893983 0 1 0 0
44.6 -0.0105958 0 0 1 0
44.7 0.0779485 0 0 1 0
44.8 0.0948273 0 0 1 0
44.9 0.0245223 0 1 0 0
45 -0.0683284 0 1 0 0
45.1 -0.0983582 0 1 0 0
45.2 -0.037958 0 0 1 0
45.3 0.0573407 0 0 1 0
45.4 0.0999206 0 0 1 0
45.5 0.050634 0 1 0 0
45.6 -0.0452053 0 1 0 0
45.7 -0.099483 0 1 0 0
45.8 -0.0622965 0 0 1 0
45.9 0.0321651 0 0 1 0
46 0.0970543 0 0 1 0
46.1 0.0727122 0 1 0 0
46.2 -0.0184811 0 1 0 0
46.3 -0.092683 0 1 0 0
46.4 -0.0816725 0 0 1 0
46.5 0.00442728 0 0 1 0
46.6 0.0864567 0 0 1 0
46.7 0.0889982 0 0 1 0
46.8 0.00971519 0 1 0 0
46.9 -0.0784999 0 1 0 0
47 -0.0945425 0 1 0 0
47.1 -0.0236632 0 0 1 0
47.2 0.068972 0 0 1 0
47.3 0.0981946 0 0 1 0
47.4 0.0371376 0 1 0 0
47.5 -0.0580636 0 1 0 0
47.6 -0.0998814 0 1 0 0
47.7 -0.0498687 0 0 1 0
47.8 0.045993 0 0 1 0
47.9 0.099569 0 0 1 0
48 0.0616017 0 1 0 0
48.1 -0.0330019 0 1 0 0
48.2 -0.0972637 0 1 0 0
48.3 -0.0721017 0 0 1 0
48.4 0.0193503 0 0 1 0
48.5 0.0930117 0 0 1 0
48.6 0.0811586 0 1 0 0
48.7 -0.00531137 0 1 0 0
48.8 -0.0868981 0 1 0 0
48.9 -0.0885911 0 1 0 0
49 -0.00883387 0 0 1 0
49.1 0.0790452 0 0 1 0
49.2 0.0942504 0 0 1 0
49.3 0.0228023 0 1 0 0
49.4 -0.0696102 0 1 0 0
49.5 -0.0980234 0 1 0 0
49.6 -0.0363143 0 0 1 0
49.7 0.0587819 0 0 1 0
49.8 0.0998344 0 0 1 0
49.9 0.0490995 0 1 0 0
50 -0.0467772 0 1 0 0
50.1 -0.0996472 0 1 0 0
50.2 -0.060902 0 0 1 0
50.3 0.0338362 0 0 1 0
50.4 0.0974655 0 0 1 0
50.5 0.0714855 0 1 0 0
50.6 -0.0202179 0 1 0 0
50.7 -0.0933331 0 1 0 0
50.8 -0.0806383 0 0 1 0
50.9 0.00619504 0 0 1 0
51 0.0873327 0 0 1 0
51.1 0.088177 0 0 1 0
51.2 0.00795185 0 1 0 0
51.3 -0.0795842 0 1 0 0
51.4 -0.0939509 0 1 0 0
51.5 -0.0219396 0 0 1 0
51.6 0.0702429 0 0 1 0
51.7 0.0978444 0 0 1 0
51.8 0.0354882 0 1 0 0
51.9 -0.0594957 0 1 0 0
52 -0.0997795 0 1 0 0
52.1 -0.0483265 0 0 1 0
52.2 0.0475577 0 0 1 0
52.3 0.0997176 0 0 1 0
52.4 0.0601976 0 1 0 0
52.5 -0.0346678 0 1 0 0
52.6 -0.0976597 0 1 0 0
52.7 -0.0708638 0 0 1 0
52.8 0.021084 0 0 1 0
52.9 0.0936473 0 0 1 0
53 0.0801117 0 1 0 0
53.1 -0.00707823 0 1 0 0
53.2 -0.0877604 0 1 0 0
53.3 -0.0877561 0 0 1 0
53.4 -0.00706921 0 0 1 0
53.5 0.0801171 0 0 1 0
53.6 0.0936441 0 0 1 0
53.7 0.0210752 0 1 0 0
53.8 -0.0708702 0 1 0 0
53.9 -0.0976578 0 1 0 0
54 -0.0346593 0 0 1 0
54.1 0.0602048 0 0 1 0
54.2 0.0997169 0 0 1 0
54.3 0.0475497 0 1 0 0
54.4 -0.0483344 0 1 0 0
54.5 -0.0997801 0 1 0 0
54.6 -0.0594884 0 0 1 0
54.7 0.0354967 0 0 1 0
54.8 0.0978463 0 0 1 0
54.9 0.0702365 0 1 0 0
55 -0.0219484 0 1 0 0
55.1 -0.093954 0 1 0 0
55.2 -0.0795788 0 0 1 0
55.3 0.00796086 0 0 1 0
55.4 0.0881813 0 0 1 0
55.5 0.0873283 0 1 0 0
55.6 0.00618602 0 1 0 0
55.7 -0.0806436 0 1 0 0
55.8 -0.0933299 0 1 0 0
55.9 -0.0202091 0 0 1 0
56 0.0714919 0 0 1 0
56.1 0.0974635 0 0 1 0
56.2 0.0338277 0 1 0 0
56.3 -0.0609092 0 1 0 0
56.4 -0.0996464 0 1 0 0
56.5 -0.0467692 0 0 1 0
56.6 0.0491074 0 0 1 0
56.7 0.0998349 0 0 1 0
56.8 0.0587746 0 1 0 0
56.9 -0.0363228 0 1 0 0
57 -0.0980252 0 1 0 0
57.1 -0.0696037 0 0 1 0
57.2 0.0228111 0 0 1 0
57.3 0.0942535 0 0 1 0
57.4 0.0790396 0 1 0 0
57.5 -0.00884287 0 1 0 0
57.6 -0.0885953 0 1 0 0
57.7 -0.0868936 0 0 1 0
57.8 -0.00530234 0 0 1 0
57.9 0.0811639 0 0 1 0
58 0.0930084 0 0 1 0
58.1 0.0193414 0 1 0 0
58.2 -0.0721079 0 1 0 0
58.3 -0.0972616 0 1 0 0
58.4 -0.0329934 0 0 1 0
58.5 0.0616088 0 0 1 0
58.6 0.0995681 0 0 1 0
58.7 0.045985 0 1 0 0
58.8 -0.0498765 0 1 0 0
58.9 -0.0998818 0 1 0 0
59 -0.0580562 0 0 1 0
59.1 0.037146 0 0 1 0
59.2 0.0981964 0 0 1 0
59.3 0.0689654 0 1 0 0
59.4 -0.023672 0 1 0 0
59.5 -0.0945455 0 1 0 0
59.6 -0.0784943 0 0 1 0
59.7 0.00972419 0 0 1 0
59.8 0.0890023 0 0 1 0
59.9 0.0864521 0 1 0 0
60 0.00441825 0 1 0 0
60.1 -0.0816777 0 1 0 0
60.2 -0.0926796 0 1 0 0
60.3 -0.0184723 0 0 1 0
60.4 0.0727184 0 0 1 0
60.5 0.0970521 0 0 1 0
60.6 0.0321565 0 1 0 0
60.7 -0.0623036 0 1 0 0
60.8 -0.0994821 0 1 0 0
60.9 -0.0451972 0 0 1 0
61 0.0506418 0 0 1 0
61.1 0.0999209 0 0 1 0
61.2 0.0573332 0 1 0 0
61.3 -0.0379664 0 1 0 0
61.4 -0.0983599 0 1 0 0
61.5 -0.0683218 0 0 1 0
61.6 0.024531 0 0 1 0
61.7 0.0948301 0 0 1 0
61.8 0.0779428 0 1 0 0
61.9 -0.0106047 0 1 0 0
62 -0.0894024 0 1 0 0
62.1 -0.0860039 0 0 1 0
62.2 -0.00353381 0 0 1 0
62.3 0.0821852 0 0 1 0
62.4 0.0923435 0 0 1 0
62.5 0.0176016 0 1 0 0
62.6 -0.0733231 0 1 0 0
62.7 -0.0968349 0 1 0 0
62.8 -0.0313172 0 0 1 0
62.9 0.0629935 0 0 1 0
63 0.0993882 0 0 1 0
63.1 0.0444059 0 1 0 0
63.2 -0.051403 0 1 0 0
63.3 -0.0999522 0 1 0 0
63.4 -0.0566058 0 0 1 0
63.5 0.0387837 0 0 1 0
63.6 0.0985157 0 0 1 0
63.7 0.0676728 0 1 0 0
63.8 -0.0253882 0 1 0 0
63.9 -0.0951073 0 1 0 0
64 -0.0773853 0 0 1 0
64.1 0.0114845 0 0 1 0
64.2 0.0897954 0 0 1 0
64.3 0.0855489 0 1 0 0
64.4 0.00264909 0 1 0 0
64.5 -0.0826863 0 1 0 0
64.6 -0.0920002 0 1 0 0
64.7 -0.0167296 0 0 1 0
64.8 0.0739221 0 0 1 0
64.9 0.0966102 0 0 1 0
65 0.0304753 0 1 0 0
65.1 -0.0636785 0 1 0 0
65.2 -0.0992865 0 1 0 0
65.3 -0.043611 0 0 1 0
65.4 0.0521602 0 0 1 0
65.5 0.0999757 0 0 1 0
65.6 0.0558739 0 1 0 0
65.7 -0.0395981 0 1 0 0
65.8 -0.0986637 0 1 0 0
65.9 -0.0670184 0 0 1 0
66 0.0262433 0 0 1 0
66.1 0.0953771 0 0 1 0
66.2 0.0768216 0 1 0 0
66.3 -0.0123633 0 1 0 0
66.4 -0.0901814 0 1 0 0
66.5 -0.0850872 0 0 1 0
66.6 -0.00176416 0 0 1 0
66.7 0.0831808 0 0 1 0
66.8 0.0916497 0 0 1 0
66.9 0.0158563 0 1 0 0
67 -0.0745153 0 1 0 0
67.1 -0.0963779 0 1 0 0
67.2 -0.0296311 0 0 1 0
67.3 0.0643584 0 0 1 0
67.4 0.0991771 0 0 1 0
67.5 0.0428128 0 1 0 0
67.6 -0.0529134 0 1 0 0
67.7 -0.0999913 0 1 0 0
67.8 -0.0551376 0 0 1 0
67.9 0.0404093 0 0 1 0
68 0.0988041 0 0 1 0
68.1 0.0663589 0 1 0 0
68.2 -0.0270964 0 1 0 0
68.3 -0.0956394 0 1 0 0
68.4 -0.0762519 0 0 1 0
68.5 0.0132412 0 0 1 0
68.6 0.0905604 0 0 1 0
68.7 0.0846188 0 1 0 0
68.8 0.000879102 0 1 0 0
68.9 -0.0836689 0 1 0 0
69 -0.0912921 0 1 0 0
69.1 -0.0149818 0 0 1 0
69.2 0.0751027 0 0 1 0
69.3 0.0961381 0 0 1 0
69.4 0.0287846 0 1 0 0
69.5 -0.0650334 0 1 0 0
69.6 -0.0990599 0 1 0 0
69.7 -0.0420112 0 0 1 0
69.8 0.0536624 0 0 1 0
69.9 0.099999 0 0 1 0
70 0.0543971 0 1 0 0
70.1 -0.0412173 0 1 0 0
70.2 -0.0989367 0 1 0 0
70.3 -0.0656941 0 0 1 0
70.4 0.0279473 0 0 1 0
70.5 0.0958941 0 0 1 0
70.6 0.0756763 0 1 0 0
70.7 -0.014118 0 1 0 0
70.8 -0.0909323 0 1 0 0
70.9 -0.0841438 0 0 1 0
71 6.02887e-06 0 0 1 0
71.1 0.0841504 0 0 1 0
71.2 0.0909272 0 0 1 0
71.3 0.014106 0 1 0 0
71.4 -0.0756842 0 1 0 0
71.5 -0.0958907 0 1 0 0
71.6 -0.0279358 0 0 1 0
71.7 0.0657032 0 0 1 0
71.8 0.0989349 0 0 1 0
71.9 0.0412064 0 1 0 0
72 -0.0544072 0 1 0 0
72.1 -0.099999 0 1 0 0
72.2 -0.0536522 0 0 1 0
72.3 0.0420222 0 0 1 0
72.4 0.0990616 0 0 1 0
72.5 0.0650242 0 1 0 0
72.6 -0.0287961 0 1 0 0
72.7 -0.0961414 0 1 0 0
72.8 -0.0750947 0 0 1 0
72.9 0.0149937 0 0 1 0
73 0.091297 0 0 1 0
73.1 0.0836623 0 1 0 0
73.2 -0.00089116 0 1 0 0
73.3 -0.0846253 0 1 0 0
73.4 -0.0905553 0 1 0 0
73.5 -0.0132292 0 0 1 0
73.6 0.0762597 0 0 1 0
73.7 0.0956358 0 0 1 0
73.8 0.0270848 0 1 0 0
73.9 -0.0663679 0 1 0 0
74 -0.0988022 0 1 0 0
74.1 -0.0403982 0 0 1 0
74.2 0.0551477 0 0 1 0
74.3 0.0999911 0 0 1 0
74.4 0.0529032 0 1 0 0
74.5 -0.0428237 0 1 0 0
74.6 -0.0991787 0 1 0 0
74.7 -0.0643492 0 0 1 0
74.8 0.0296426 0 0 1 0
74.9 0.0963811 0 0 1 0
75 0.0745073 0 1 0 0
75.1 -0.0158682 0 1 0 0
75.2 -0.0916546 0 1 0 0
75.3 -0.0831741 0 0 1 0
75.4 0.00177622 0 0 1 0
75.5 0.0850935 0 0 1 0
75.6 0.0901762 0 0 1 0
75.7 0.0123513 0 1 0 0
75.8 -0.0768293 0 1 0 0
75.9 -0.0953735 0 1 0 0
76 -0.0262317 0 0 1 0
76.1 0.0670274 0 0 1 0
76.2 0.0986618 0 0 1 0
76.3 0.039587 0 1 0 0
76.4 -0.0558839 0 1 0 0
76.5 -0.0999754 0 1 0 0
76.6 -0.05215 0 0 1 0
76.7 0.0436219 0 0 1 0
76.8 0.099288 0 0 1 0
76.9 0.0636692 0 1 0 0
77 -0.0304868 0 1 0 0
77.1 -0.0966133 0 1 0 0
77.2 -0.073914 0 0 1 0
77.3 0.0167415 0 0 1 0
77.4 0.092005 0 0 1 0
77.5 0.0826795 0 1 0 0
77.6 -0.00266114 0 1 0 0
77.7 -0.0855551 0 1 0 0
77.8 -0.0897901 0 1 0 0
77.9 -0.0114725 0 0 1 0
78 0.0773929 0 0 1 0
78.1 0.0951036 0 0 1 0
78.2 0.0253765 0 1 0 0
78.3 -0.0676816 0 1 0 0
78.4 -0.0985136 0 1 0 0
78.5 -0.0387726 0 0 1 0
78.6 0.0566157 0 0 1 0
78.7 0.0999518 0 0 1 0
78.8 0.0513927 0 1 0 0
78.9 -0.0444167 0 1 0 0
79 -0.0993895 0 1 0 0
79.1 -0.0629841 0 0 1 0
79.2 0.0313286 0 0 1 0
79.3 0.096838 0 0 1 0
79.4 0.0733149 0 1 0 0
79.5 -0.0176135 0 1 0 0
79.6 -0.0923482 0 1 0 0
79.7 -0.0821783 0 0 1 0
79.8 0.00354586 0 0 1 0
79.9 0.08601 0 0 1 0
80 0.089397 0 0 1 0
80.1 0.0105928 0 1 0 0
80.2 -0.0779504 0 1 0 0
80.3 -0.0948263 0 1 0 0
80.4 -0.0245194 0 0 1 0
80.5 0.0683306 0 0 1 0
80.6 0.0983577 0 0 1 0
80.7 0.0379552 0 1 0 0
80.8 -0.0573431 0 1 0 0
80.9 -0.0999204 0 1 0 0
81 -0.0506314 0 0 1 0
81.1 0.045208 0 0 1 0
81.2 0.0994833 0 0 1 0
81.3 0.0622941 0 1 0 0
81.4 -0.0321679 0 1 0 0
81.5 -0.097055 0 1 0 0
81.6 -0.0727101 0 0 1 0
81.7 0.0184841 0 0 1 0
81.8 0.0926841 0 0 1 0
81.9 0.0816708 0 1 0 0
82 -0.00443029 0 1 0 0
82.1 -0.0864582 0 1 0 0
82.2 -0.0889968 0 1 0 0
82.3 -0.00971219 0 0 1 0
82.4 0.0785018 0 0 1 0
82.5 0.0945416 0 0 1 0
82.6 0.0236603 0 1 0 0
82.7 -0.0689742 0 1 0 0
82.8 -0.0981941 0 1 0 0
82.9 -0.0371348 0 0 1 0
83 0.058066 0 0 1 0
83.1 0.0998812 0 0 1 0
83.2 0.0498661 0 1 0 0
83.3 -0.0459957 0 1 0 0
83.4 -0.0995693 0 1 0 0
83.5 -0.0615993 0 0 1 0
83.6 0.0330048 0 0 1 0
83.7 0.0972644 0 0 1 0
83.8 0.0720996 0 1 0 0
83.9 -0.0193533 0 1 0 0
84 -0.0930128 0 1 0 0
84.1 -0.0811568 0 0 1 0
84.2 0.00531438 0 0 1 0
84.3 0.0868996 0 0 1 0
84.4 0.0885897 0 0 1 0
84.5 0.00883086 0 1 0 0
84.6 -0.079047 0 1 0 0
84.7 -0.0942494 0 1 0 0
84.8 -0.0227994 0 0 1 0
84.9 0.0696123 0 0 1 0
85 0.0980228 0 0 1 0
85.1 0.0363115 0 1 0 0
85.2 -0.0587844 0 1 0 0
85.3 -0.0998342 0 1 0 0
85.4 -0.0490969 0 0 1 0
85.5 0.0467798 0 0 1 0
85.6 0.0996474 0 0 1 0
85.7 0.0608996 0 1 0 0
85.8 -0.033839 0 1 0 0
85.9 -0.0974662 0 1 0 0
86 -0.0714834 0 0 1 0
86.1 0.0202209 0 0 1 0
86.2 0.0933342 0 0 1 0
86.3 0.0806365 0 1 0 0
86.4 -0.00619805 0 1 0 0
86.5 -0.0873341 0 1 0 0
86.6 -0.0881756 0 1 0 0
86.7 -0.00794884 0 0 1 0
86.8 0.0795861 0 0 1 0
86.9 0.0939499 0 0 1 0
87 0.0219366 0 1 0 0
87.1 -0.0702451 0 1 0 0
87.2 -0.0978438 0 1 0 0
87.3 -0.0354854 0 0 1 0
87.4 0.0594981 0 0 1 0
87.5 0.0997793 0 0 1 0
87.6 0.0483239 0 1 0 0
87.7 -0.0475603 0 1 0 0
87.8 -0.0997178 0 1 0 0
87.9 -0.0601952 0 0 1 0
88 0.0346706 0 0 1 0
88.1 0.0976604 0 0 1 0
88.2 0.0708617 0 1 0 0
88.3 -0.0210869 0 1 0 0
88.4 -0.0936483 0 1 0 0
88.5 -0.0801098 0 0 1 0
88.6 0.00708124 0 0 1 0
88.7 0.0877619 0 0 1 0
88.8 0.0877546 0 1 0 0
88.9 0.0070662 0 1 0 0
89 -0.0801189 0 1 0 0
89.1 -0.093643 0 1 0 0
89.2 -0.0210722 0 0 1 0
89.3 0.0708723 0 0 1 0
89.4 0.0976571 0 0 1 0
89.5 0.0346565 0 1 0 0
89.6 -0.0602072 0 1 0 0
89.7 -0.0997166 0 1 0 0
89.8 -0.0475471 0 0 1 0
89.9 0.0483371 0 0 1 0
90 0.0997803 0 0 1 0
90.1 0.059486 0 1 0 0
90.2 -0.0354995 0 1 0 0
90.3 -0.0978469 0 1 0 0
90.4 -0.0702343 0 0 1 0
90.5 0.0219513 0 0 1 0
90.6 0.0939551 0 0 1 0
90.7 0.0795769 0 1 0 0
90.8 -0.00796387 0 1 0 0
90.9 -0.0881827 0 1 0 0
91 -0.0873268 0 0 1 0
91.1 -0.00618301 0 0 1 0
91.2 0.0806454 0 0 1 0
91.3 0.0933288 0 0 1 0
91.4 0.0202061 0 1 0 0
91.5 -0.071494 0 1 0 0
91.6 -0.0974628 0 1 0 0
91.7 -0.0338248 0 0 1 0
91.8 0.0609116 0 0 1 0
91.9 0.0996462 0 0 1 0
92 0.0467665 0 1 0 0
92.1 -0.04911 0 1 0 0
92.2 -0.0998351 0 1 0 0
92.3 -0.0587722 0 0 1 0
92.4 0.0363256 0 0 1 0
92.5 0.0980258 0 0 1 0
92.6 0.0696015 0 1 0 0
92.7 -0.022814 0 1 0 0
92.8 -0.0942545 0 1 0 0
92.9 -0.0790378 0 0 1 0
93 0.00884588 0 0 1 0
93.1 0.0885967 0 0 1 0
93.2 0.0868921 0 1 0 0
93.3 0.00529933 0 1 0 0
93.4 -0.0811656 0 1 0 0
93.5 -0.0930073 0 1 0 0
93.6 -0.0193385 0 0 1 0
93.7 0.07211 0 0 1 0
93.8 0.0972609 0 0 1 0
93.9 0.0329905 0 1 0 0
94 -0.0616112 0 1 0 0
94.1 -0.0995679 0 1 0 0
94.2 -0.0459823 0 0 1 0
94.3 0.0498792 0 0 1 0
94.4 0.099882 0 0 1 0
94.5 0.0580538 0 1 0 0
94.6 -0.0371488 0 1 0 0
94.7 -0.0981969 0 1 0 0
94.8 -0.0689632 0 0 1 0
94.9 0.0236749 0 0 1 0
95 0.0945465 0 0 1 0
95.1 0.0784924 0 1 0 0
95.2 -0.00972719 0 1 0 0
95.3 -0.0890037 0 1 0 0
95.4 -0.0864506 0 0 1 0
95.5 -0.00441523 0 0 1 0
95.6 0.0816795 0 0 1 0
95.7 0.0926785 0 0 1 0
95.8 0.0184693 0 1 0 0
95.9 -0.0727205 0 1 0 0
96 -0.0970513 0 1 0 0
96.1 -0.0321537 0 0 1 0
96.2 0.0623059 0 0 1 0
96.3 0.0994818 0 0 1 0
96.4 0.0451945 0 1 0 0
96.5 -0.0506444 0 1 0 0
96.6 -0.099921 0 1 0 0
96.7 -0.0573308 0 0 1 0
96.8 0.0379691 0 0 1 0
96.9 0.0983604 0 0 1 0
97 0.0683196 0 1 0 0
97.1 -0.024534 0 1 0 0
97.2 -0.0948311 0 1 0 0
97.3 -0.0779409 0 0 1 0
97.4 0.0106077 0 0 1 0
97.5 0.0894037 0 0 1 0
97.6 0.0860023 0 1 0 0
97.7 0.00353079 0 1 0 0
97.8 -0.0821869 0 1 0 0
97.9 -0.0923424 0 1 0 0
98 -0.0175987 0 0 1 0
98.1 0.0733252 0 0 1 0
98.2 0.0968342 0 0 1 0
98.3 0.0313143 0 1 0 0
98.4 -0.0629958 0 1 0 0
98.5 -0.0993879 0 1 0 0
98.6 -0.0444032 0 0 1 0
98.7 0.0514056 0 0 1 0
98.8 0.0999523 0 0 1 0
98.9 0.0566033 0 1 0 0
99 -0.0387865 0 1 0 0
99.1 -0.0985162 0 1 0 0
99.2 -0.0676705 0 0 1 0
99.3 0.0253911 0 0 1 0
99.4 0.0951083 0 0 1 0
99.5 0.0773833 0 1 0 0
99.6 -0.0114875 0 1 0 0
99.7 -0.0897967 0 1 0 0
99.8 -0.0855473 0 0 1 0
99.9 -0.00264608 0 0 1 0
