Total amount og points set at 1000 Values for the spiral in Order: x y z
-500 -500 249500
-500 -499 249501
-500 -498 249502
-500 -497 249503
-500 -496 249504
-500 -495 249505
-500 -494 249506
-500 -493 249507
-500 -492 249508
-500 -491 249509
-500 -490 249510
-500 -489 249511
-500 -488 249512
-500 -487 249513
-500 -486 249514
-500 -485 249515
-500 -484 249516
-500 -483 249517
-500 -482 249518
-500 -481 249519
-500 -480 249520
-500 -479 249521
-500 -478 249522
-500 -477 249523
-500 -476 249524
-500 -475 249525
-500 -474 249526
-500 -473 249527
-500 -472 249528
-500 -471 249529
-500 -470 249530
-500 -469 249531
-500 -468 249532
-500 -467 249533
-500 -466 249534
-500 -465 249535
-500 -464 249536
-500 -463 249537
-500 -462 249538
-500 -461 249539
-500 -460 249540
-500 -459 249541
-500 -458 249542
-500 -457 249543
-500 -456 249544
-500 -455 249545
-500 -454 249546
-500 -453 249547
-500 -452 249548
-500 -451 249549
-500 -450 249550
-500 -449 249551
-500 -448 249552
-500 -447 249553
-500 -446 249554
-500 -445 249555
-500 -444 249556
-500 -443 249557
-500 -442 249558
-500 -441 249559
-500 -440 249560
-500 -439 249561
-500 -438 249562
-500 -437 249563
-500 -436 249564
-500 -435 249565
-500 -434 249566
-500 -433 249567
-500 -432 249568
-500 -431 249569
-500 -430 249570
-500 -429 249571
-500 -428 249572
-500 -427 249573
-500 -426 249574
-500 -425 249575
-500 -424 249576
-500 -423 249577
-500 -422 249578
-500 -421 249579
-500 -420 249580
-500 -419 249581
-500 -418 249582
-500 -417 249583
-500 -416 249584
-500 -415 249585
-500 -414 249586
-500 -413 249587
-500 -412 249588
-500 -411 249589
-500 -410 249590
-500 -409 249591
-500 -408 249592
-500 -407 249593
-500 -406 249594
-500 -405 249595
-500 -404 249596
-500 -403 249597
-500 -402 249598
-500 -401 249599
-500 -400 249600
-500 -399 249601
-500 -398 249602
-500 -397 249603
-500 -396 249604
-500 -395 249605
-500 -394 249606
-500 -393 249607
-500 -392 249608
-500 -391 249609
-500 -390 249610
-500 -389 249611
-500 -388 249612
-500 -387 249613
-500 -386 249614
-500 -385 249615
-500 -384 249616
-500 -383 249617
-500 -382 249618
-500 -381 249619
-500 -380 249620
